league,job_id,job_family,variant,endpoint,season,season_type,scope,request_params,source,player_id,team_id,request_id,request_table,request_url,request_status,request_row_index,results_assisted2s_pct,results_non_putbacks_assisted2s_pct,results_assisted3s_pct,results_fg3_pct,results_non_heave_fg3_pct,results_fg2_pct,results_efg_pct,results_ts_pct,results_fg3_a_pct,results_fg3_a_pct_blocked,results_fg2_a_pct_blocked,results_usage,results_live_ball_turnover_pct,results_def_ft_rebound_pct,results_off_ft_rebound_pct,results_def_two_pt_rebound_pct,results_off_two_pt_rebound_pct,results_def_three_pt_rebound_pct,results_off_three_pt_rebound_pct,results_def_fg_rebound_pct,results_off_fg_rebound_pct,results_off_at_rim_rebound_pct,results_off_short_mid_range_rebound_pct,results_off_long_mid_range_rebound_pct,results_off_arc3_rebound_pct,results_off_corner3_rebound_pct,results_def_at_rim_rebound_pct,results_def_short_mid_range_rebound_pct,results_def_long_mid_range_rebound_pct,results_def_arc3_rebound_pct,results_def_corner3_rebound_pct,results_blocks_recovered_pct,results_seconds_per_poss_off,results_seconds_per_poss_def,results_at_rim_frequency,results_at_rim_accuracy,results_at_rim_pct_assisted,results_short_mid_range_frequency,results_short_mid_range_accuracy,results_short_mid_range_pct_assisted,results_long_mid_range_frequency,results_long_mid_range_accuracy,results_long_mid_range_pct_assisted,results_corner3_frequency,results_corner3_accuracy,results_corner3_pct_assisted,results_arc3_frequency,results_arc3_accuracy,results_arc3_pct_assisted,results_at_rim_fg3_a_frequency,results_non_heave_arc3_accuracy,results_shot_quality_avg,results_shooting_fouls_drawn_pct,results_two_pt_shooting_fouls_drawn_pct,results_three_pt_shooting_fouls_drawn_pct,results_second_chance_points_pct,results_penalty_points_pct,results_penalty_off_poss_pct,results_avg2pt_shot_distance,results_avg3pt_shot_distance,results_def_rebound_pct,results_off_rebound_pct,results_pts_per100_poss,results_assist_points_per100_poss,results_fta_per100_poss,results_turnovers_per100_poss,results_assists_per100_poss,headers,stat_options_label,stat_options_data,is_playoffs,job_variant
wnba,wnba_on_off,on_off,player_on_off,get-on-off,2025,Regular Season,team_player,"{'Season': '2025', 'SeasonType': 'Regular Season', 'TeamId': '1611661320', 'PlayerId': '1642782'}",on_off,1642782,1611661320,get-on-off__player_on_off__season-2025__season_type-Regular_Season__team_id-1611661320__player_id-1642782__03c98498,get-on-off,https://api.pbpstats.com/get-on-off/wnba/player?Season=2025&SeasonType=Regular+Season&TeamId=1611661320&PlayerId=1642782,200,0,"[{""Name"": ""Shey Peddy"", ""On"": ""0.333"", ""Off"": ""0.500"", ""On-Off"": ""-0.167"", ""MinutesOn"": 44, ""MinutesOff"": 94}, {""Name"": ""Odyssey Sims"", ""On"": ""0.429"", ""Off"": ""0.357"", ""On-Off"": ""0.071"", ""MinutesOn"": 147, ""MinutesOff"": 202}, {""Name"": ""Dearica Hamby"", ""On"": ""0.696"", ""Off"": ""0.771"", ""On-Off"": ""-0.075"", ""MinutesOn"": 312, ""MinutesOff"": 1053}, {""Name"": ""Julie Allemand"", ""On"": ""0.333"", ""Off"": ""0.417"", ""On-Off"": ""-0.083"", ""MinutesOn"": 112, ""MinutesOff"": 856}, {""Name"": ""Emma Cannon"", ""On"": ""0.778"", ""Off"": ""1.000"", ""On-Off"": ""-0.222"", ""MinutesOn"": 117, ""MinutesOff"": 96}, {""Name"": ""Kelsey Plum"", ""On"": ""0.268"", ""Off"": ""0.248"", ""On-Off"": ""0.020"", ""MinutesOn"": 302, ""MinutesOff"": 1206}, {""Name"": ""Mercedes Russell"", ""On"": ""1.000"", ""Off"": ""0.800"", ""On-Off"": ""0.200"", ""MinutesOn"": 104, ""MinutesOff"": 65}, {""Name"": ""Azurá Stevens"", ""On"": ""0.647"", ""Off"": ""0.677"", ""On-Off"": ""-0.030"", ""MinutesOn"": 313, ""MinutesOff"": 927}, {""Name"": ""Rae Burrell"", ""On"": ""0.867"", ""Off"": ""0.600"", ""On-Off"": ""0.267"", ""MinutesOn"": 112, ""MinutesOff"": 412}, {""Name"": ""Grace Berger"", ""On"": ""0.000"", ""Off"": ""0.000"", ""On-Off"": ""0.000"", ""MinutesOn"": 16, ""MinutesOff"": 0}, {""Name"": ""Julie Vanloo"", ""On"": ""0.000"", ""Off"": ""0.000"", ""On-Off"": ""0.000"", ""MinutesOn"": 67, ""MinutesOff"": 202}, {""Name"": ""Cameron Brink"", ""On"": ""0.800"", ""Off"": ""0.550"", ""On-Off"": ""0.250"", ""MinutesOn"": 40, ""MinutesOff"": 210}, {""Name"": ""Rickea Jackson"", ""On"": ""0.529"", ""Off"": ""0.642"", ""On-Off"": ""-0.113"", ""MinutesOn"": 158, ""MinutesOff"": 1009}, {""Name"": ""Alissa Pili"", ""On"": ""1.000"", ""Off"": ""0.000"", ""On-Off"": ""1.000"", ""MinutesOn"": 16, ""MinutesOff"": 2}, {""Name"": ""Sania Feagin"", ""On"": ""1.000"", ""Off"": ""0.500"", ""On-Off"": ""0.500"", ""MinutesOn"": 49, ""MinutesOff"": 27}, {""Name"": ""Liatu King"", ""On"": ""0.750"", ""Off"": ""0.857"", ""On-Off"": ""-0.107"", ""MinutesOn"": 34, ""MinutesOff"": 86}]","[{""Name"": ""Shey Peddy"", ""On"": ""0.333"", ""Off"": ""0.500"", ""On-Off"": ""-0.167"", ""MinutesOn"": 44, ""MinutesOff"": 94}, {""Name"": ""Odyssey Sims"", ""On"": ""0.429"", ""Off"": ""0.357"", ""On-Off"": ""0.071"", ""MinutesOn"": 147, ""MinutesOff"": 202}, {""Name"": ""Dearica Hamby"", ""On"": ""0.814"", ""Off"": ""0.849"", ""On-Off"": ""-0.035"", ""MinutesOn"": 312, ""MinutesOff"": 1053}, {""Name"": ""Julie Allemand"", ""On"": ""0.333"", ""Off"": ""0.441"", ""On-Off"": ""-0.108"", ""MinutesOn"": 112, ""MinutesOff"": 856}, {""Name"": ""Emma Cannon"", ""On"": ""1.000"", ""Off"": ""1.000"", ""On-Off"": ""0.000"", ""MinutesOn"": 117, ""MinutesOff"": 96}, {""Name"": ""Kelsey Plum"", ""On"": ""0.268"", ""Off"": ""0.248"", ""On-Off"": ""0.020"", ""MinutesOn"": 302, ""MinutesOff"": 1206}, {""Name"": ""Mercedes Russell"", ""On"": ""1.000"", ""Off"": ""1.000"", ""On-Off"": ""0.000"", ""MinutesOn"": 104, ""MinutesOff"": 65}, {""Name"": ""Azurá Stevens"", ""On"": ""0.846"", ""Off"": ""0.783"", ""On-Off"": ""0.063"", ""MinutesOn"": 313, ""MinutesOff"": 927}, {""Name"": ""Rae Burrell"", ""On"": ""0.867"", ""Off"": ""0.632"", ""On-Off"": ""0.235"", ""MinutesOn"": 112, ""MinutesOff"": 412}, {""Name"": ""Grace Berger"", ""On"": ""0.000"", ""Off"": ""0.000"", ""On-Off"": ""0.000"", ""MinutesOn"": 16, ""MinutesOff"": 0}, {""Name"": ""Julie Vanloo"", ""On"": ""0.000"", ""Off"": ""0.000"", ""On-Off"": ""0.000"", ""MinutesOn"": 67, ""MinutesOff"": 202}, {""Name"": ""Cameron Brink"", ""On"": ""0.800"", ""Off"": ""0.846"", ""On-Off"": ""-0.046"", ""MinutesOn"": 40, ""MinutesOff"": 210}, {""Name"": ""Rickea Jackson"", ""On"": ""0.643"", ""Off"": ""0.681"", ""On-Off"": ""-0.038"", ""MinutesOn"": 158, ""MinutesOff"": 1009}, {""Name"": ""Alissa Pili"", ""On"": ""1.000"", ""Off"": ""0.000"", ""On-Off"": ""1.000"", ""MinutesOn"": 16, ""MinutesOff"": 2}, {""Name"": ""Sania Feagin"", ""On"": ""1.000"", ""Off"": ""0.667"", ""On-Off"": ""0.333"", ""MinutesOn"": 49, ""MinutesOff"": 27}, {""Name"": ""Liatu King"", ""On"": ""1.000"", ""Off"": ""0.857"", ""On-Off"": ""0.143"", ""MinutesOn"": 34, ""MinutesOff"": 86}]","[{""Name"": ""Shey Peddy"", ""On"": ""1.000"", ""Off"": ""1.000"", ""On-Off"": ""0.000"", ""MinutesOn"": 44, ""MinutesOff"": 94}, {""Name"": ""Odyssey Sims"", ""On"": ""1.000"", ""Off"": ""1.000"", ""On-Off"": ""0.000"", ""MinutesOn"": 147, ""MinutesOff"": 202}, {""Name"": ""Dearica Hamby"", ""On"": ""1.000"", ""Off"": ""0.900"", ""On-Off"": ""0.100"", ""MinutesOn"": 312, ""MinutesOff"": 1053}, {""Name"": ""Julie Allemand"", ""On"": ""1.000"", ""Off"": ""0.864"", ""On-Off"": ""0.136"", ""MinutesOn"": 112, ""MinutesOff"": 856}, {""Name"": ""Emma Cannon"", ""On"": ""1.000"", ""Off"": ""0.875"", ""On-Off"": ""0.125"", ""MinutesOn"": 117, ""MinutesOff"": 96}, {""Name"": ""Kelsey Plum"", ""On"": ""0.467"", ""Off"": ""0.667"", ""On-Off"": ""-0.200"", ""MinutesOn"": 302, ""MinutesOff"": 1206}, {""Name"": ""Mercedes Russell"", ""On"": ""0.000"", ""Off"": ""0.000"", ""On-Off"": ""0.000"", ""MinutesOn"": 104, ""MinutesOff"": 65}, {""Name"": ""Azurá Stevens"", ""On"": ""1.000"", ""Off"": ""0.982"", ""On-Off"": ""0.018"", ""MinutesOn"": 313, ""MinutesOff"": 927}, {""Name"": ""Rae Burrell"", ""On"": ""0.833"", ""Off"": ""0.938"", ""On-Off"": ""-0.104"", ""MinutesOn"": 112, ""MinutesOff"": 412}, {""Name"": ""Grace Berger"", ""On"": ""0.000"", ""Off"": ""0.000"", ""On-Off"": ""0.000"", ""MinutesOn"": 16, ""MinutesOff"": 0}, {""Name"": ""Julie Vanloo"", ""On"": ""0.500"", ""Off"": ""1.000"", ""On-Off"": ""-0.500"", ""MinutesOn"": 67, ""MinutesOff"": 202}, {""Name"": ""Cameron Brink"", ""On"": ""0.000"", ""Off"": ""1.000"", ""On-Off"": ""-1.000"", ""MinutesOn"": 40, ""MinutesOff"": 210}, {""Name"": ""Rickea Jackson"", ""On"": ""0.750"", ""Off"": ""0.825"", ""On-Off"": ""-0.075"", ""MinutesOn"": 158, ""MinutesOff"": 1009}, {""Name"": ""Alissa Pili"", ""On"": ""0.000"", ""Off"": ""0.000"", ""On-Off"": ""0.000"", ""MinutesOn"": 16, ""MinutesOff"": 2}, {""Name"": ""Sania Feagin"", ""On"": ""0.000"", ""Off"": ""0.000"", ""On-Off"": ""0.000"", ""MinutesOn"": 49, ""MinutesOff"": 27}, {""Name"": ""Liatu King"", ""On"": ""0.000"", ""Off"": ""1.000"", ""On-Off"": ""-1.000"", ""MinutesOn"": 34, ""MinutesOff"": 86}]","[{""Name"": ""Shey Peddy"", ""On"": ""0.333"", ""Off"": ""0.400"", ""On-Off"": ""-0.067"", ""MinutesOn"": 44, ""MinutesOff"": 94}, {""Name"": ""Odyssey Sims"", ""On"": ""0.294"", ""Off"": ""0.412"", ""On-Off"": ""-0.118"", ""MinutesOn"": 147, ""MinutesOff"": 202}, {""Name"": ""Dearica Hamby"", ""On"": ""0.357"", ""Off"": ""0.250"", ""On-Off"": ""0.107"", ""MinutesOn"": 312, ""MinutesOff"": 1053}, {""Name"": ""Julie Allemand"", ""On"": ""0.462"", ""Off"": ""0.250"", ""On-Off"": ""0.212"", ""MinutesOn"": 112, ""MinutesOff"": 856}, {""Name"": ""Emma Cannon"", ""On"": ""0.353"", ""Off"": ""0.421"", ""On-Off"": ""-0.068"", ""MinutesOn"": 117, ""MinutesOff"": 96}, {""Name"": ""Kelsey Plum"", ""On"": ""0.254"", ""Off"": ""0.382"", ""On-Off"": ""-0.128"", ""MinutesOn"": 302, ""MinutesOff"": 1206}, {""Name"": ""Mercedes Russell"", ""On"": ""0.000"", ""Off"": ""0.000"", ""On-Off"": ""0.000"", ""MinutesOn"": 104, ""MinutesOff"": 65}, {""Name"": ""Azurá Stevens"", ""On"": ""0.450"", ""Off"": ""0.364"", ""On-Off"": ""0.086"", ""MinutesOn"": 313, ""MinutesOff"": 927}, {""Name"": ""Rae Burrell"", ""On"": ""0.353"", ""Off"": ""0.320"", ""On-Off"": ""0.033"", ""MinutesOn"": 112, ""MinutesOff"": 412}, {""Name"": ""Grace Berger"", ""On"": ""0.000"", ""Off"": ""0.000"", ""On-Off"": ""0.000"", ""MinutesOn"": 16, ""MinutesOff"": 0}, {""Name"": ""Julie Vanloo"", ""On"": ""0.154"", ""Off"": ""0.366"", ""On-Off"": ""-0.212"", ""MinutesOn"": 67, ""MinutesOff"": 202}, {""Name"": ""Cameron Brink"", ""On"": ""0.000"", ""Off"": ""0.357"", ""On-Off"": ""-0.357"", ""MinutesOn"": 40, ""MinutesOff"": 210}, {""Name"": ""Rickea Jackson"", ""On"": ""0.258"", ""Off"": ""0.365"", ""On-Off"": ""-0.107"", ""MinutesOn"": 158, ""MinutesOff"": 1009}, {""Name"": ""Alissa Pili"", ""On"": ""0.000"", ""Off"": ""0.000"", ""On-Off"": ""0.000"", ""MinutesOn"": 16, ""MinutesOff"": 2}, {""Name"": ""Sania Feagin"", ""On"": ""0.000"", ""Off"": ""0.000"", ""On-Off"": ""0.000"", ""MinutesOn"": 49, ""MinutesOff"": 27}, {""Name"": ""Liatu King"", ""On"": ""0.000"", ""Off"": ""0.200"", ""On-Off"": ""-0.200"", ""MinutesOn"": 34, ""MinutesOff"": 86}]","[{""Name"": ""Shey Peddy"", ""On"": ""0.333"", ""Off"": ""0.400"", ""On-Off"": ""-0.067"", ""MinutesOn"": 44, ""MinutesOff"": 94}, {""Name"": ""Odyssey Sims"", ""On"": ""0.294"", ""Off"": ""0.412"", ""On-Off"": ""-0.118"", ""MinutesOn"": 147, ""MinutesOff"": 202}, {""Name"": ""Dearica Hamby"", ""On"": ""0.357"", ""Off"": ""0.263"", ""On-Off"": ""0.094"", ""MinutesOn"": 312, ""MinutesOff"": 1053}, {""Name"": ""Julie Allemand"", ""On"": ""0.462"", ""Off"": ""0.253"", ""On-Off"": ""0.209"", ""MinutesOn"": 112, ""MinutesOff"": 856}, {""Name"": ""Emma Cannon"", ""On"": ""0.353"", ""Off"": ""0.421"", ""On-Off"": ""-0.068"", ""MinutesOn"": 117, ""MinutesOff"": 96}, {""Name"": ""Kelsey Plum"", ""On"": ""0.263"", ""Off"": ""0.382"", ""On-Off"": ""-0.119"", ""MinutesOn"": 302, ""MinutesOff"": 1206}, {""Name"": ""Mercedes Russell"", ""On"": ""0.000"", ""Off"": ""0.000"", ""On-Off"": ""0.000"", ""MinutesOn"": 104, ""MinutesOff"": 65}, {""Name"": ""Azurá Stevens"", ""On"": ""0.450"", ""Off"": ""0.364"", ""On-Off"": ""0.086"", ""MinutesOn"": 313, ""MinutesOff"": 927}, {""Name"": ""Rae Burrell"", ""On"": ""0.353"", ""Off"": ""0.320"", ""On-Off"": ""0.033"", ""MinutesOn"": 112, ""MinutesOff"": 412}, {""Name"": ""Grace Berger"", ""On"": ""0.000"", ""Off"": ""0.000"", ""On-Off"": ""0.000"", ""MinutesOn"": 16, ""MinutesOff"": 0}, {""Name"": ""Julie Vanloo"", ""On"": ""0.154"", ""Off"": ""0.375"", ""On-Off"": ""-0.221"", ""MinutesOn"": 67, ""MinutesOff"": 202}, {""Name"": ""Cameron Brink"", ""On"": ""0.000"", ""Off"": ""0.370"", ""On-Off"": ""-0.370"", ""MinutesOn"": 40, ""MinutesOff"": 210}, {""Name"": ""Rickea Jackson"", ""On"": ""0.258"", ""Off"": ""0.365"", ""On-Off"": ""-0.107"", ""MinutesOn"": 158, ""MinutesOff"": 1009}, {""Name"": ""Alissa Pili"", ""On"": ""0.000"", ""Off"": ""0.000"", ""On-Off"": ""0.000"", ""MinutesOn"": 16, ""MinutesOff"": 2}, {""Name"": ""Sania Feagin"", ""On"": ""0.000"", ""Off"": ""0.000"", ""On-Off"": ""0.000"", ""MinutesOn"": 49, ""MinutesOff"": 27}, {""Name"": ""Liatu King"", ""On"": ""0.000"", ""Off"": ""0.200"", ""On-Off"": ""-0.200"", ""MinutesOn"": 34, ""MinutesOff"": 86}]","[{""Name"": ""Shey Peddy"", ""On"": ""0.500"", ""Off"": ""0.400"", ""On-Off"": ""0.100"", ""MinutesOn"": 44, ""MinutesOff"": 94}, {""Name"": ""Odyssey Sims"", ""On"": ""0.438"", ""Off"": ""0.467"", ""On-Off"": ""-0.029"", ""MinutesOn"": 147, ""MinutesOff"": 202}, {""Name"": ""Dearica Hamby"", ""On"": ""0.548"", ""Off"": ""0.622"", ""On-Off"": ""-0.074"", ""MinutesOn"": 312, ""MinutesOff"": 1053}, {""Name"": ""Julie Allemand"", ""On"": ""0.857"", ""Off"": ""0.706"", ""On-Off"": ""0.151"", ""MinutesOn"": 112, ""MinutesOff"": 856}, {""Name"": ""Emma Cannon"", ""On"": ""0.818"", ""Off"": ""0.562"", ""On-Off"": ""0.256"", ""MinutesOn"": 117, ""MinutesOff"": 96}, {""Name"": ""Kelsey Plum"", ""On"": ""0.488"", ""Off"": ""0.475"", ""On-Off"": ""0.014"", ""MinutesOn"": 302, ""MinutesOff"": 1206}, {""Name"": ""Mercedes Russell"", ""On"": ""0.500"", ""Off"": ""0.385"", ""On-Off"": ""0.115"", ""MinutesOn"": 104, ""MinutesOff"": 65}, {""Name"": ""Azurá Stevens"", ""On"": ""0.500"", ""Off"": ""0.582"", ""On-Off"": ""-0.082"", ""MinutesOn"": 313, ""MinutesOff"": 927}, {""Name"": ""Rae Burrell"", ""On"": ""0.484"", ""Off"": ""0.500"", ""On-Off"": ""-0.016"", ""MinutesOn"": 112, ""MinutesOff"": 412}, {""Name"": ""Grace Berger"", ""On"": ""0.000"", ""Off"": ""0.000"", ""On-Off"": ""0.000"", ""MinutesOn"": 16, ""MinutesOff"": 0}, {""Name"": ""Julie Vanloo"", ""On"": ""0.400"", ""Off"": ""0.000"", ""On-Off"": ""0.400"", ""MinutesOn"": 67, ""MinutesOff"": 202}, {""Name"": ""Cameron Brink"", ""On"": ""0.500"", ""Off"": ""0.526"", ""On-Off"": ""-0.026"", ""MinutesOn"": 40, ""MinutesOff"": 210}, {""Name"": ""Rickea Jackson"", ""On"": ""0.425"", ""Off"": ""0.480"", ""On-Off"": ""-0.055"", ""MinutesOn"": 158, ""MinutesOff"": 1009}, {""Name"": ""Alissa Pili"", ""On"": ""0.600"", ""Off"": ""0.000"", ""On-Off"": ""0.600"", ""MinutesOn"": 16, ""MinutesOff"": 2}, {""Name"": ""Sania Feagin"", ""On"": ""0.400"", ""Off"": ""0.444"", ""On-Off"": ""-0.044"", ""MinutesOn"": 49, ""MinutesOff"": 27}, {""Name"": ""Liatu King"", ""On"": ""0.571"", ""Off"": ""0.636"", ""On-Off"": ""-0.065"", ""MinutesOn"": 34, ""MinutesOff"": 86}]","[{""Name"": ""Shey Peddy"", ""On"": ""0.500"", ""Off"": ""0.533"", ""On-Off"": ""-0.033"", ""MinutesOn"": 44, ""MinutesOff"": 94}, {""Name"": ""Odyssey Sims"", ""On"": ""0.439"", ""Off"": ""0.521"", ""On-Off"": ""-0.083"", ""MinutesOn"": 147, ""MinutesOff"": 202}, {""Name"": ""Dearica Hamby"", ""On"": ""0.546"", ""Off"": ""0.599"", ""On-Off"": ""-0.052"", ""MinutesOn"": 312, ""MinutesOff"": 1053}, {""Name"": ""Julie Allemand"", ""On"": ""0.750"", ""Off"": ""0.496"", ""On-Off"": ""0.254"", ""MinutesOn"": 112, ""MinutesOff"": 856}, {""Name"": ""Emma Cannon"", ""On"": ""0.643"", ""Off"": ""0.600"", ""On-Off"": ""0.043"", ""MinutesOn"": 117, ""MinutesOff"": 96}, {""Name"": ""Kelsey Plum"", ""On"": ""0.444"", ""Off"": ""0.520"", ""On-Off"": ""-0.076"", ""MinutesOn"": 302, ""MinutesOff"": 1206}, {""Name"": ""Mercedes Russell"", ""On"": ""0.500"", ""Off"": ""0.385"", ""On-Off"": ""0.115"", ""MinutesOn"": 104, ""MinutesOff"": 65}, {""Name"": ""Azurá Stevens"", ""On"": ""0.565"", ""Off"": ""0.564"", ""On-Off"": ""0.001"", ""MinutesOn"": 313, ""MinutesOff"": 927}, {""Name"": ""Rae Burrell"", ""On"": ""0.500"", ""Off"": ""0.492"", ""On-Off"": ""0.008"", ""MinutesOn"": 112, ""MinutesOff"": 412}, {""Name"": ""Grace Berger"", ""On"": ""0.000"", ""Off"": ""0.000"", ""On-Off"": ""0.000"", ""MinutesOn"": 16, ""MinutesOff"": 0}, {""Name"": ""Julie Vanloo"", ""On"": ""0.278"", ""Off"": ""0.500"", ""On-Off"": ""-0.222"", ""MinutesOn"": 67, ""MinutesOff"": 202}, {""Name"": ""Cameron Brink"", ""On"": ""0.312"", ""Off"": ""0.530"", ""On-Off"": ""-0.218"", ""MinutesOn"": 40, ""MinutesOff"": 210}, {""Name"": ""Rickea Jackson"", ""On"": ""0.408"", ""Off"": ""0.506"", ""On-Off"": ""-0.098"", ""MinutesOn"": 158, ""MinutesOff"": 1009}, {""Name"": ""Alissa Pili"", ""On"": ""0.500"", ""Off"": ""0.000"", ""On-Off"": ""0.500"", ""MinutesOn"": 16, ""MinutesOff"": 2}, {""Name"": ""Sania Feagin"", ""On"": ""0.316"", ""Off"": ""0.444"", ""On-Off"": ""-0.129"", ""MinutesOn"": 49, ""MinutesOff"": 27}, {""Name"": ""Liatu King"", ""On"": ""0.500"", ""Off"": ""0.531"", ""On-Off"": ""-0.031"", ""MinutesOn"": 34, ""MinutesOff"": 86}]","[{""Name"": ""Shey Peddy"", ""On"": ""0.591"", ""Off"": ""0.567"", ""On-Off"": ""0.024"", ""MinutesOn"": 44, ""MinutesOff"": 94}, {""Name"": ""Odyssey Sims"", ""On"": ""0.472"", ""Off"": ""0.588"", ""On-Off"": ""-0.115"", ""MinutesOn"": 147, ""MinutesOff"": 202}, {""Name"": ""Dearica Hamby"", ""On"": ""0.566"", ""Off"": ""0.626"", ""On-Off"": ""-0.061"", ""MinutesOn"": 312, ""MinutesOff"": 1053}, {""Name"": ""Julie Allemand"", ""On"": ""0.810"", ""Off"": ""0.510"", ""On-Off"": ""0.299"", ""MinutesOn"": 112, ""MinutesOff"": 856}, {""Name"": ""Emma Cannon"", ""On"": ""0.643"", ""Off"": ""0.615"", ""On-Off"": ""0.027"", ""MinutesOn"": 117, ""MinutesOff"": 96}, {""Name"": ""Kelsey Plum"", ""On"": ""0.509"", ""Off"": ""0.585"", ""On-Off"": ""-0.076"", ""MinutesOn"": 302, ""MinutesOff"": 1206}, {""Name"": ""Mercedes Russell"", ""On"": ""0.531"", ""Off"": ""0.472"", ""On-Off"": ""0.059"", ""MinutesOn"": 104, ""MinutesOff"": 65}, {""Name"": ""Azurá Stevens"", ""On"": ""0.592"", ""Off"": ""0.597"", ""On-Off"": ""-0.004"", ""MinutesOn"": 313, ""MinutesOff"": 927}, {""Name"": ""Rae Burrell"", ""On"": ""0.529"", ""Off"": ""0.538"", ""On-Off"": ""-0.009"", ""MinutesOn"": 112, ""MinutesOff"": 412}, {""Name"": ""Grace Berger"", ""On"": ""0.000"", ""Off"": ""0.000"", ""On-Off"": ""0.000"", ""MinutesOn"": 16, ""MinutesOff"": 0}, {""Name"": ""Julie Vanloo"", ""On"": ""0.278"", ""Off"": ""0.522"", ""On-Off"": ""-0.244"", ""MinutesOn"": 67, ""MinutesOff"": 202}, {""Name"": ""Cameron Brink"", ""On"": ""0.306"", ""Off"": ""0.582"", ""On-Off"": ""-0.277"", ""MinutesOn"": 40, ""MinutesOff"": 210}, {""Name"": ""Rickea Jackson"", ""On"": ""0.455"", ""Off"": ""0.541"", ""On-Off"": ""-0.086"", ""MinutesOn"": 158, ""MinutesOff"": 1009}, {""Name"": ""Alissa Pili"", ""On"": ""0.700"", ""Off"": ""1.000"", ""On-Off"": ""-0.300"", ""MinutesOn"": 16, ""MinutesOff"": 2}, {""Name"": ""Sania Feagin"", ""On"": ""0.300"", ""Off"": ""0.444"", ""On-Off"": ""-0.144"", ""MinutesOn"": 49, ""MinutesOff"": 27}, {""Name"": ""Liatu King"", ""On"": ""0.500"", ""Off"": ""0.643"", ""On-Off"": ""-0.143"", ""MinutesOn"": 34, ""MinutesOff"": 86}]","[{""Name"": ""Shey Peddy"", ""On"": ""0.333"", ""Off"": ""0.667"", ""On-Off"": ""-0.333"", ""MinutesOn"": 44, ""MinutesOff"": 94}, {""Name"": ""Odyssey Sims"", ""On"": ""0.347"", ""Off"": ""0.362"", ""On-Off"": ""-0.015"", ""MinutesOn"": 147, ""MinutesOff"": 202}, {""Name"": ""Dearica Hamby"", ""On"": ""0.100"", ""Off"": ""0.094"", ""On-Off"": ""0.006"", ""MinutesOn"": 312, ""MinutesOff"": 1053}, {""Name"": ""Julie Allemand"", ""On"": ""0.650"", ""Off"": ""0.633"", ""On-Off"": ""0.017"", ""MinutesOn"": 112, ""MinutesOff"": 856}, {""Name"": ""Emma Cannon"", ""On"": ""0.607"", ""Off"": ""0.543"", ""On-Off"": ""0.064"", ""MinutesOn"": 117, ""MinutesOff"": 96}, {""Name"": ""Kelsey Plum"", ""On"": ""0.413"", ""Off"": ""0.463"", ""On-Off"": ""-0.051"", ""MinutesOn"": 302, ""MinutesOff"": 1206}, {""Name"": ""Mercedes Russell"", ""On"": ""0.000"", ""Off"": ""0.000"", ""On-Off"": ""0.000"", ""MinutesOn"": 104, ""MinutesOff"": 65}, {""Name"": ""Azurá Stevens"", ""On"": ""0.370"", ""Off"": ""0.483"", ""On-Off"": ""-0.112"", ""MinutesOn"": 313, ""MinutesOff"": 927}, {""Name"": ""Rae Burrell"", ""On"": ""0.354"", ""Off"": ""0.385"", ""On-Off"": ""-0.030"", ""MinutesOn"": 112, ""MinutesOff"": 412}, {""Name"": ""Grace Berger"", ""On"": ""0.500"", ""Off"": ""0.000"", ""On-Off"": ""0.500"", ""MinutesOn"": 16, ""MinutesOff"": 0}, {""Name"": ""Julie Vanloo"", ""On"": ""0.722"", ""Off"": ""0.911"", ""On-Off"": ""-0.189"", ""MinutesOn"": 67, ""MinutesOff"": 202}, {""Name"": ""Cameron Brink"", ""On"": ""0.375"", ""Off"": ""0.424"", ""On-Off"": ""-0.049"", ""MinutesOn"": 40, ""MinutesOff"": 210}, {""Name"": ""Rickea Jackson"", ""On"": ""0.437"", ""Off"": ""0.379"", ""On-Off"": ""0.058"", ""MinutesOn"": 158, ""MinutesOff"": 1009}, {""Name"": ""Alissa Pili"", ""On"": ""0.167"", ""Off"": ""0.000"", ""On-Off"": ""0.167"", ""MinutesOn"": 16, ""MinutesOff"": 2}, {""Name"": ""Sania Feagin"", ""On"": ""0.211"", ""Off"": ""0.000"", ""On-Off"": ""0.211"", ""MinutesOn"": 49, ""MinutesOff"": 27}, {""Name"": ""Liatu King"", ""On"": ""0.125"", ""Off"": ""0.312"", ""On-Off"": ""-0.188"", ""MinutesOn"": 34, ""MinutesOff"": 86}]","[{""Name"": ""Shey Peddy"", ""On"": ""0.000"", ""Off"": ""0.000"", ""On-Off"": ""0.000"", ""MinutesOn"": 44, ""MinutesOff"": 94}, {""Name"": ""Odyssey Sims"", ""On"": ""0.000"", ""Off"": ""0.000"", ""On-Off"": ""0.000"", ""MinutesOn"": 147, ""MinutesOff"": 202}, {""Name"": ""Dearica Hamby"", ""On"": ""0.000"", ""Off"": ""0.025"", ""On-Off"": ""-0.025"", ""MinutesOn"": 312, ""MinutesOff"": 1053}, {""Name"": ""Julie Allemand"", ""On"": ""0.000"", ""Off"": ""0.000"", ""On-Off"": ""0.000"", ""MinutesOn"": 112, ""MinutesOff"": 856}, {""Name"": ""Emma Cannon"", ""On"": ""0.000"", ""Off"": ""0.000"", ""On-Off"": ""0.000"", ""MinutesOn"": 117, ""MinutesOff"": 96}, {""Name"": ""Kelsey Plum"", ""On"": ""0.000"", ""Off"": ""0.014"", ""On-Off"": ""-0.014"", ""MinutesOn"": 302, ""MinutesOff"": 1206}, {""Name"": ""Mercedes Russell"", ""On"": ""0.000"", ""Off"": ""0.000"", ""On-Off"": ""0.000"", ""MinutesOn"": 104, ""MinutesOff"": 65}, {""Name"": ""Azurá Stevens"", ""On"": ""0.000"", ""Off"": ""0.000"", ""On-Off"": ""0.000"", ""MinutesOn"": 313, ""MinutesOff"": 927}, {""Name"": ""Rae Burrell"", ""On"": ""0.000"", ""Off"": ""0.000"", ""On-Off"": ""0.000"", ""MinutesOn"": 112, ""MinutesOff"": 412}, {""Name"": ""Grace Berger"", ""On"": ""0.000"", ""Off"": ""0.000"", ""On-Off"": ""0.000"", ""MinutesOn"": 16, ""MinutesOff"": 0}, {""Name"": ""Julie Vanloo"", ""On"": ""0.000"", ""Off"": ""0.000"", ""On-Off"": ""0.000"", ""MinutesOn"": 67, ""MinutesOff"": 202}, {""Name"": ""Cameron Brink"", ""On"": ""0.000"", ""Off"": ""0.000"", ""On-Off"": ""0.000"", ""MinutesOn"": 40, ""MinutesOff"": 210}, {""Name"": ""Rickea Jackson"", ""On"": ""0.000"", ""Off"": ""0.006"", ""On-Off"": ""-0.006"", ""MinutesOn"": 158, ""MinutesOff"": 1009}, {""Name"": ""Alissa Pili"", ""On"": ""0.000"", ""Off"": ""0.000"", ""On-Off"": ""0.000"", ""MinutesOn"": 16, ""MinutesOff"": 2}, {""Name"": ""Sania Feagin"", ""On"": ""0.000"", ""Off"": ""0.000"", ""On-Off"": ""0.000"", ""MinutesOn"": 49, ""MinutesOff"": 27}, {""Name"": ""Liatu King"", ""On"": ""0.000"", ""Off"": ""0.000"", ""On-Off"": ""0.000"", ""MinutesOn"": 34, ""MinutesOff"": 86}]","[{""Name"": ""Shey Peddy"", ""On"": ""0.167"", ""Off"": ""0.200"", ""On-Off"": ""-0.033"", ""MinutesOn"": 44, ""MinutesOff"": 94}, {""Name"": ""Odyssey Sims"", ""On"": ""0.062"", ""Off"": ""0.167"", ""On-Off"": ""-0.104"", ""MinutesOn"": 147, ""MinutesOff"": 202}, {""Name"": ""Dearica Hamby"", ""On"": ""0.159"", ""Off"": ""0.140"", ""On-Off"": ""0.019"", ""MinutesOn"": 312, ""MinutesOff"": 1053}, {""Name"": ""Julie Allemand"", ""On"": ""0.000"", ""Off"": ""0.020"", ""On-Off"": ""-0.020"", ""MinutesOn"": 112, ""MinutesOff"": 856}, {""Name"": ""Emma Cannon"", ""On"": ""0.000"", ""Off"": ""0.188"", ""On-Off"": ""-0.188"", ""MinutesOn"": 117, ""MinutesOff"": 96}, {""Name"": ""Kelsey Plum"", ""On"": ""0.107"", ""Off"": ""0.078"", ""On-Off"": ""0.029"", ""MinutesOn"": 302, ""MinutesOff"": 1206}, {""Name"": ""Mercedes Russell"", ""On"": ""0.071"", ""Off"": ""0.154"", ""On-Off"": ""-0.082"", ""MinutesOn"": 104, ""MinutesOff"": 65}, {""Name"": ""Azurá Stevens"", ""On"": ""0.103"", ""Off"": ""0.103"", ""On-Off"": ""-0.000"", ""MinutesOn"": 313, ""MinutesOff"": 927}, {""Name"": ""Rae Burrell"", ""On"": ""0.194"", ""Off"": ""0.125"", ""On-Off"": ""0.069"", ""MinutesOn"": 112, ""MinutesOff"": 412}, {""Name"": ""Grace Berger"", ""On"": ""0.500"", ""Off"": ""0.000"", ""On-Off"": ""0.500"", ""MinutesOn"": 16, ""MinutesOff"": 0}, {""Name"": ""Julie Vanloo"", ""On"": ""0.000"", ""Off"": ""0.000"", ""On-Off"": ""0.000"", ""MinutesOn"": 67, ""MinutesOff"": 202}, {""Name"": ""Cameron Brink"", ""On"": ""0.100"", ""Off"": ""0.158"", ""On-Off"": ""-0.058"", ""MinutesOn"": 40, ""MinutesOff"": 210}, {""Name"": ""Rickea Jackson"", ""On"": ""0.075"", ""Off"": ""0.070"", ""On-Off"": ""0.005"", ""MinutesOn"": 158, ""MinutesOff"": 1009}, {""Name"": ""Alissa Pili"", ""On"": ""0.000"", ""Off"": ""0.000"", ""On-Off"": ""0.000"", ""MinutesOn"": 16, ""MinutesOff"": 2}, {""Name"": ""Sania Feagin"", ""On"": ""0.267"", ""Off"": ""0.111"", ""On-Off"": ""0.156"", ""MinutesOn"": 49, ""MinutesOff"": 27}, {""Name"": ""Liatu King"", ""On"": ""0.000"", ""Off"": ""0.273"", ""On-Off"": ""-0.273"", ""MinutesOn"": 34, ""MinutesOff"": 86}]","[{""Name"": ""Shey Peddy"", ""On"": ""11.818"", ""Off"": ""8.252"", ""On-Off"": ""3.566"", ""MinutesOn"": 44, ""MinutesOff"": 94}, {""Name"": ""Odyssey Sims"", ""On"": ""19.444"", ""Off"": ""14.222"", ""On-Off"": ""5.222"", ""MinutesOn"": 147, ""MinutesOff"": 202}, {""Name"": ""Dearica Hamby"", ""On"": ""25.843"", ""Off"": ""25.212"", ""On-Off"": ""0.631"", ""MinutesOn"": 312, ""MinutesOff"": 1053}, {""Name"": ""Julie Allemand"", ""On"": ""12.757"", ""Off"": ""9.793"", ""On-Off"": ""2.964"", ""MinutesOn"": 112, ""MinutesOff"": 856}, {""Name"": ""Emma Cannon"", ""On"": ""14.786"", ""Off"": ""23.744"", ""On-Off"": ""-8.958"", ""MinutesOn"": 117, ""MinutesOff"": 96}, {""Name"": ""Kelsey Plum"", ""On"": ""28.488"", ""Off"": ""24.334"", ""On-Off"": ""4.153"", ""MinutesOn"": 302, ""MinutesOff"": 1206}, {""Name"": ""Mercedes Russell"", ""On"": ""8.772"", ""Off"": ""15.000"", ""On-Off"": ""-6.228"", ""MinutesOn"": 104, ""MinutesOff"": 65}, {""Name"": ""Azurá Stevens"", ""On"": ""18.539"", ""Off"": ""19.497"", ""On-Off"": ""-0.958"", ""MinutesOn"": 313, ""MinutesOff"": 927}, {""Name"": ""Rae Burrell"", ""On"": ""23.622"", ""Off"": ""17.017"", ""On-Off"": ""6.605"", ""MinutesOn"": 112, ""MinutesOff"": 412}, {""Name"": ""Grace Berger"", ""On"": ""15.909"", ""Off"": ""0.000"", ""On-Off"": ""15.909"", ""MinutesOn"": 16, ""MinutesOff"": 0}, {""Name"": ""Julie Vanloo"", ""On"": ""17.483"", ""Off"": ""14.444"", ""On-Off"": ""3.038"", ""MinutesOn"": 67, ""MinutesOff"": 202}, {""Name"": ""Cameron Brink"", ""On"": ""24.419"", ""Off"": ""19.916"", ""On-Off"": ""4.502"", ""MinutesOn"": 40, ""MinutesOff"": 210}, {""Name"": ""Rickea Jackson"", ""On"": ""25.762"", ""Off"": ""22.369"", ""On-Off"": ""3.393"", ""MinutesOn"": 158, ""MinutesOff"": 1009}, {""Name"": ""Alissa Pili"", ""On"": ""31.250"", ""Off"": ""66.667"", ""On-Off"": ""-35.417"", ""MinutesOn"": 16, ""MinutesOff"": 2}, {""Name"": ""Sania Feagin"", ""On"": ""22.857"", ""Off"": ""17.391"", ""On-Off"": ""5.466"", ""MinutesOn"": 49, ""MinutesOff"": 27}, {""Name"": ""Liatu King"", ""On"": ""16.250"", ""Off"": ""14.508"", ""On-Off"": ""1.742"", ""MinutesOn"": 34, ""MinutesOff"": 86}]","[{""Name"": ""Shey Peddy"", ""On"": ""1.000"", ""Off"": ""1.000"", ""On-Off"": ""0.000"", ""MinutesOn"": 44, ""MinutesOff"": 94}, {""Name"": ""Odyssey Sims"", ""On"": ""0.444"", ""Off"": ""0.625"", ""On-Off"": ""-0.181"", ""MinutesOn"": 147, ""MinutesOff"": 202}, {""Name"": ""Dearica Hamby"", ""On"": ""0.625"", ""Off"": ""0.548"", ""On-Off"": ""0.077"", ""MinutesOn"": 312, ""MinutesOff"": 1053}, {""Name"": ""Julie Allemand"", ""On"": ""1.000"", ""Off"": ""0.721"", ""On-Off"": ""0.279"", ""MinutesOn"": 112, ""MinutesOff"": 856}, {""Name"": ""Emma Cannon"", ""On"": ""0.333"", ""Off"": ""0.308"", ""On-Off"": ""0.026"", ""MinutesOn"": 117, ""MinutesOff"": 96}, {""Name"": ""Kelsey Plum"", ""On"": ""0.581"", ""Off"": ""0.610"", ""On-Off"": ""-0.029"", ""MinutesOn"": 302, ""MinutesOff"": 1206}, {""Name"": ""Mercedes Russell"", ""On"": ""0.250"", ""Off"": ""0.667"", ""On-Off"": ""-0.417"", ""MinutesOn"": 104, ""MinutesOff"": 65}, {""Name"": ""Azurá Stevens"", ""On"": ""0.462"", ""Off"": ""0.549"", ""On-Off"": ""-0.087"", ""MinutesOn"": 313, ""MinutesOff"": 927}, {""Name"": ""Rae Burrell"", ""On"": ""0.875"", ""Off"": ""0.529"", ""On-Off"": ""0.346"", ""MinutesOn"": 112, ""MinutesOff"": 412}, {""Name"": ""Grace Berger"", ""On"": ""0.667"", ""Off"": ""0.000"", ""On-Off"": ""0.667"", ""MinutesOn"": 16, ""MinutesOff"": 0}, {""Name"": ""Julie Vanloo"", ""On"": ""0.286"", ""Off"": ""0.632"", ""On-Off"": ""-0.346"", ""MinutesOn"": 67, ""MinutesOff"": 202}, {""Name"": ""Cameron Brink"", ""On"": ""0.667"", ""Off"": ""0.500"", ""On-Off"": ""0.167"", ""MinutesOn"": 40, ""MinutesOff"": 210}, {""Name"": ""Rickea Jackson"", ""On"": ""0.688"", ""Off"": ""0.645"", ""On-Off"": ""0.042"", ""MinutesOn"": 158, ""MinutesOff"": 1009}, {""Name"": ""Alissa Pili"", ""On"": ""0.000"", ""Off"": ""0.000"", ""On-Off"": ""0.000"", ""MinutesOn"": 16, ""MinutesOff"": 2}, {""Name"": ""Sania Feagin"", ""On"": ""0.750"", ""Off"": ""0.667"", ""On-Off"": ""0.083"", ""MinutesOn"": 49, ""MinutesOff"": 27}, {""Name"": ""Liatu King"", ""On"": ""0.250"", ""Off"": ""0.857"", ""On-Off"": ""-0.607"", ""MinutesOn"": 34, ""MinutesOff"": 86}]","[{""Name"": ""Shey Peddy"", ""On"": ""0.000"", ""Off"": ""0.000"", ""On-Off"": ""0.000"", ""MinutesOn"": 44, ""MinutesOff"": 94}, {""Name"": ""Odyssey Sims"", ""On"": ""0.000"", ""Off"": ""0.000"", ""On-Off"": ""0.000"", ""MinutesOn"": 147, ""MinutesOff"": 202}, {""Name"": ""Dearica Hamby"", ""On"": ""0.444"", ""Off"": ""0.273"", ""On-Off"": ""0.172"", ""MinutesOn"": 312, ""MinutesOff"": 1053}, {""Name"": ""Julie Allemand"", ""On"": ""0.000"", ""Off"": ""0.200"", ""On-Off"": ""-0.200"", ""MinutesOn"": 112, ""MinutesOff"": 856}, {""Name"": ""Emma Cannon"", ""On"": ""0.000"", ""Off"": ""0.250"", ""On-Off"": ""-0.250"", ""MinutesOn"": 117, ""MinutesOff"": 96}, {""Name"": ""Kelsey Plum"", ""On"": ""0.000"", ""Off"": ""0.000"", ""On-Off"": ""0.000"", ""MinutesOn"": 302, ""MinutesOff"": 1206}, {""Name"": ""Mercedes Russell"", ""On"": ""0.000"", ""Off"": ""0.000"", ""On-Off"": ""0.000"", ""MinutesOn"": 104, ""MinutesOff"": 65}, {""Name"": ""Azurá Stevens"", ""On"": ""0.500"", ""Off"": ""0.464"", ""On-Off"": ""0.036"", ""MinutesOn"": 313, ""MinutesOff"": 927}, {""Name"": ""Rae Burrell"", ""On"": ""0.000"", ""Off"": ""0.231"", ""On-Off"": ""-0.231"", ""MinutesOn"": 112, ""MinutesOff"": 412}, {""Name"": ""Grace Berger"", ""On"": ""0.000"", ""Off"": ""0.000"", ""On-Off"": ""0.000"", ""MinutesOn"": 16, ""MinutesOff"": 0}, {""Name"": ""Julie Vanloo"", ""On"": ""0.000"", ""Off"": ""0.111"", ""On-Off"": ""-0.111"", ""MinutesOn"": 67, ""MinutesOff"": 202}, {""Name"": ""Cameron Brink"", ""On"": ""0.000"", ""Off"": ""0.333"", ""On-Off"": ""-0.333"", ""MinutesOn"": 40, ""MinutesOff"": 210}, {""Name"": ""Rickea Jackson"", ""On"": ""0.000"", ""Off"": ""0.077"", ""On-Off"": ""-0.077"", ""MinutesOn"": 158, ""MinutesOff"": 1009}, {""Name"": ""Alissa Pili"", ""On"": ""0.000"", ""Off"": ""0.000"", ""On-Off"": ""0.000"", ""MinutesOn"": 16, ""MinutesOff"": 2}, {""Name"": ""Sania Feagin"", ""On"": ""0.000"", ""Off"": ""0.000"", ""On-Off"": ""0.000"", ""MinutesOn"": 49, ""MinutesOff"": 27}, {""Name"": ""Liatu King"", ""On"": ""0.000"", ""Off"": ""0.333"", ""On-Off"": ""-0.333"", ""MinutesOn"": 34, ""MinutesOff"": 86}]","[{""Name"": ""Shey Peddy"", ""On"": ""0.000"", ""Off"": ""0.000"", ""On-Off"": ""0.000"", ""MinutesOn"": 44, ""MinutesOff"": 94}, {""Name"": ""Odyssey Sims"", ""On"": ""0.000"", ""Off"": ""0.000"", ""On-Off"": ""0.000"", ""MinutesOn"": 147, ""MinutesOff"": 202}, {""Name"": ""Dearica Hamby"", ""On"": ""0.176"", ""Off"": ""0.030"", ""On-Off"": ""0.147"", ""MinutesOn"": 312, ""MinutesOff"": 1053}, {""Name"": ""Julie Allemand"", ""On"": ""0.000"", ""Off"": ""0.021"", ""On-Off"": ""-0.021"", ""MinutesOn"": 112, ""MinutesOff"": 856}, {""Name"": ""Emma Cannon"", ""On"": ""0.000"", ""Off"": ""0.167"", ""On-Off"": ""-0.167"", ""MinutesOn"": 117, ""MinutesOff"": 96}, {""Name"": ""Kelsey Plum"", ""On"": ""0.000"", ""Off"": ""0.014"", ""On-Off"": ""-0.014"", ""MinutesOn"": 302, ""MinutesOff"": 1206}, {""Name"": ""Mercedes Russell"", ""On"": ""0.000"", ""Off"": ""0.000"", ""On-Off"": ""0.000"", ""MinutesOn"": 104, ""MinutesOff"": 65}, {""Name"": ""Azurá Stevens"", ""On"": ""0.059"", ""Off"": ""0.017"", ""On-Off"": ""0.042"", ""MinutesOn"": 313, ""MinutesOff"": 927}, {""Name"": ""Rae Burrell"", ""On"": ""0.000"", ""Off"": ""0.000"", ""On-Off"": ""0.000"", ""MinutesOn"": 112, ""MinutesOff"": 412}, {""Name"": ""Grace Berger"", ""On"": ""0.000"", ""Off"": ""0.000"", ""On-Off"": ""0.000"", ""MinutesOn"": 16, ""MinutesOff"": 0}, {""Name"": ""Julie Vanloo"", ""On"": ""0.000"", ""Off"": ""0.000"", ""On-Off"": ""0.000"", ""MinutesOn"": 67, ""MinutesOff"": 202}, {""Name"": ""Cameron Brink"", ""On"": ""0.000"", ""Off"": ""0.143"", ""On-Off"": ""-0.143"", ""MinutesOn"": 40, ""MinutesOff"": 210}, {""Name"": ""Rickea Jackson"", ""On"": ""0.000"", ""Off"": ""0.054"", ""On-Off"": ""-0.054"", ""MinutesOn"": 158, ""MinutesOff"": 1009}, {""Name"": ""Alissa Pili"", ""On"": ""0.000"", ""Off"": ""0.000"", ""On-Off"": ""0.000"", ""MinutesOn"": 16, ""MinutesOff"": 2}, {""Name"": ""Sania Feagin"", ""On"": ""0.000"", ""Off"": ""0.000"", ""On-Off"": ""0.000"", ""MinutesOn"": 49, ""MinutesOff"": 27}, {""Name"": ""Liatu King"", ""On"": ""0.000"", ""Off"": ""0.000"", ""On-Off"": ""0.000"", ""MinutesOn"": 34, ""MinutesOff"": 86}]","[{""Name"": ""Shey Peddy"", ""On"": ""0.040"", ""Off"": ""0.044"", ""On-Off"": ""-0.004"", ""MinutesOn"": 44, ""MinutesOff"": 94}, {""Name"": ""Odyssey Sims"", ""On"": ""0.053"", ""Off"": ""0.087"", ""On-Off"": ""-0.034"", ""MinutesOn"": 147, ""MinutesOff"": 202}, {""Name"": ""Dearica Hamby"", ""On"": ""0.193"", ""Off"": ""0.167"", ""On-Off"": ""0.026"", ""MinutesOn"": 312, ""MinutesOff"": 1053}, {""Name"": ""Julie Allemand"", ""On"": ""0.086"", ""Off"": ""0.100"", ""On-Off"": ""-0.014"", ""MinutesOn"": 112, ""MinutesOff"": 856}, {""Name"": ""Emma Cannon"", ""On"": ""0.129"", ""Off"": ""0.163"", ""On-Off"": ""-0.034"", ""MinutesOn"": 117, ""MinutesOff"": 96}, {""Name"": ""Kelsey Plum"", ""On"": ""0.109"", ""Off"": ""0.080"", ""On-Off"": ""0.028"", ""MinutesOn"": 302, ""MinutesOff"": 1206}, {""Name"": ""Mercedes Russell"", ""On"": ""0.041"", ""Off"": ""0.161"", ""On-Off"": ""-0.120"", ""MinutesOn"": 104, ""MinutesOff"": 65}, {""Name"": ""Azurá Stevens"", ""On"": ""0.351"", ""Off"": ""0.274"", ""On-Off"": ""0.077"", ""MinutesOn"": 313, ""MinutesOff"": 927}, {""Name"": ""Rae Burrell"", ""On"": ""0.016"", ""Off"": ""0.074"", ""On-Off"": ""-0.058"", ""MinutesOn"": 112, ""MinutesOff"": 412}, {""Name"": ""Grace Berger"", ""On"": ""0.000"", ""Off"": ""0.000"", ""On-Off"": ""0.000"", ""MinutesOn"": 16, ""MinutesOff"": 0}, {""Name"": ""Julie Vanloo"", ""On"": ""0.032"", ""Off"": ""0.009"", ""On-Off"": ""0.023"", ""MinutesOn"": 67, ""MinutesOff"": 202}, {""Name"": ""Cameron Brink"", ""On"": ""0.241"", ""Off"": ""0.185"", ""On-Off"": ""0.056"", ""MinutesOn"": 40, ""MinutesOff"": 210}, {""Name"": ""Rickea Jackson"", ""On"": ""0.027"", ""Off"": ""0.065"", ""On-Off"": ""-0.037"", ""MinutesOn"": 158, ""MinutesOff"": 1009}, {""Name"": ""Alissa Pili"", ""On"": ""0.143"", ""Off"": ""0.000"", ""On-Off"": ""0.143"", ""MinutesOn"": 16, ""MinutesOff"": 2}, {""Name"": ""Sania Feagin"", ""On"": ""0.143"", ""Off"": ""0.143"", ""On-Off"": ""0.000"", ""MinutesOn"": 49, ""MinutesOff"": 27}, {""Name"": ""Liatu King"", ""On"": ""0.200"", ""Off"": ""0.146"", ""On-Off"": ""0.054"", ""MinutesOn"": 34, ""MinutesOff"": 86}]","[{""Name"": ""Shey Peddy"", ""On"": ""0.036"", ""Off"": ""0.029"", ""On-Off"": ""0.007"", ""MinutesOn"": 44, ""MinutesOff"": 94}, {""Name"": ""Odyssey Sims"", ""On"": ""0.039"", ""Off"": ""0.010"", ""On-Off"": ""0.029"", ""MinutesOn"": 147, ""MinutesOff"": 202}, {""Name"": ""Dearica Hamby"", ""On"": ""0.085"", ""Off"": ""0.087"", ""On-Off"": ""-0.002"", ""MinutesOn"": 312, ""MinutesOff"": 1053}, {""Name"": ""Julie Allemand"", ""On"": ""0.000"", ""Off"": ""0.011"", ""On-Off"": ""-0.011"", ""MinutesOn"": 112, ""MinutesOff"": 856}, {""Name"": ""Emma Cannon"", ""On"": ""0.044"", ""Off"": ""0.045"", ""On-Off"": ""-0.001"", ""MinutesOn"": 117, ""MinutesOff"": 96}, {""Name"": ""Kelsey Plum"", ""On"": ""0.006"", ""Off"": ""0.011"", ""On-Off"": ""-0.005"", ""MinutesOn"": 302, ""MinutesOff"": 1206}, {""Name"": ""Mercedes Russell"", ""On"": ""0.091"", ""Off"": ""0.118"", ""On-Off"": ""-0.027"", ""MinutesOn"": 104, ""MinutesOff"": 65}, {""Name"": ""Azurá Stevens"", ""On"": ""0.105"", ""Off"": ""0.075"", ""On-Off"": ""0.030"", ""MinutesOn"": 313, ""MinutesOff"": 927}, {""Name"": ""Rae Burrell"", ""On"": ""0.038"", ""Off"": ""0.039"", ""On-Off"": ""-0.001"", ""MinutesOn"": 112, ""MinutesOff"": 412}, {""Name"": ""Grace Berger"", ""On"": ""0.077"", ""Off"": ""0.000"", ""On-Off"": ""0.077"", ""MinutesOn"": 16, ""MinutesOff"": 0}, {""Name"": ""Julie Vanloo"", ""On"": ""0.000"", ""Off"": ""0.000"", ""On-Off"": ""0.000"", ""MinutesOn"": 67, ""MinutesOff"": 202}, {""Name"": ""Cameron Brink"", ""On"": ""0.111"", ""Off"": ""0.122"", ""On-Off"": ""-0.011"", ""MinutesOn"": 40, ""MinutesOff"": 210}, {""Name"": ""Rickea Jackson"", ""On"": ""0.048"", ""Off"": ""0.040"", ""On-Off"": ""0.007"", ""MinutesOn"": 158, ""MinutesOff"": 1009}, {""Name"": ""Alissa Pili"", ""On"": ""0.000"", ""Off"": ""0.000"", ""On-Off"": ""0.000"", ""MinutesOn"": 16, ""MinutesOff"": 2}, {""Name"": ""Sania Feagin"", ""On"": ""0.048"", ""Off"": ""0.143"", ""On-Off"": ""-0.095"", ""MinutesOn"": 49, ""MinutesOff"": 27}, {""Name"": ""Liatu King"", ""On"": ""0.200"", ""Off"": ""0.158"", ""On-Off"": ""0.042"", ""MinutesOn"": 34, ""MinutesOff"": 86}]","[{""Name"": ""Shey Peddy"", ""On"": ""0.294"", ""Off"": ""0.125"", ""On-Off"": ""0.169"", ""MinutesOn"": 44, ""MinutesOff"": 94}, {""Name"": ""Odyssey Sims"", ""On"": ""0.090"", ""Off"": ""0.099"", ""On-Off"": ""-0.009"", ""MinutesOn"": 147, ""MinutesOff"": 202}, {""Name"": ""Dearica Hamby"", ""On"": ""0.121"", ""Off"": ""0.194"", ""On-Off"": ""-0.073"", ""MinutesOn"": 312, ""MinutesOff"": 1053}, {""Name"": ""Julie Allemand"", ""On"": ""0.118"", ""Off"": ""0.148"", ""On-Off"": ""-0.030"", ""MinutesOn"": 112, ""MinutesOff"": 856}, {""Name"": ""Emma Cannon"", ""On"": ""0.140"", ""Off"": ""0.088"", ""On-Off"": ""0.052"", ""MinutesOn"": 117, ""MinutesOff"": 96}, {""Name"": ""Kelsey Plum"", ""On"": ""0.074"", ""Off"": ""0.093"", ""On-Off"": ""-0.019"", ""MinutesOn"": 302, ""MinutesOff"": 1206}, {""Name"": ""Mercedes Russell"", ""On"": ""0.135"", ""Off"": ""0.083"", ""On-Off"": ""0.052"", ""MinutesOn"": 104, ""MinutesOff"": 65}, {""Name"": ""Azurá Stevens"", ""On"": ""0.174"", ""Off"": ""0.143"", ""On-Off"": ""0.031"", ""MinutesOn"": 313, ""MinutesOff"": 927}, {""Name"": ""Rae Burrell"", ""On"": ""0.129"", ""Off"": ""0.108"", ""On-Off"": ""0.021"", ""MinutesOn"": 112, ""MinutesOff"": 412}, {""Name"": ""Grace Berger"", ""On"": ""0.000"", ""Off"": ""0.000"", ""On-Off"": ""0.000"", ""MinutesOn"": 16, ""MinutesOff"": 0}, {""Name"": ""Julie Vanloo"", ""On"": ""0.188"", ""Off"": ""0.057"", ""On-Off"": ""0.130"", ""MinutesOn"": 67, ""MinutesOff"": 202}, {""Name"": ""Cameron Brink"", ""On"": ""0.238"", ""Off"": ""0.218"", ""On-Off"": ""0.020"", ""MinutesOn"": 40, ""MinutesOff"": 210}, {""Name"": ""Rickea Jackson"", ""On"": ""0.141"", ""Off"": ""0.083"", ""On-Off"": ""0.058"", ""MinutesOn"": 158, ""MinutesOff"": 1009}, {""Name"": ""Alissa Pili"", ""On"": ""0.083"", ""Off"": ""0.000"", ""On-Off"": ""0.083"", ""MinutesOn"": 16, ""MinutesOff"": 2}, {""Name"": ""Sania Feagin"", ""On"": ""0.120"", ""Off"": ""0.000"", ""On-Off"": ""0.120"", ""MinutesOn"": 49, ""MinutesOff"": 27}, {""Name"": ""Liatu King"", ""On"": ""0.067"", ""Off"": ""0.111"", ""On-Off"": ""-0.044"", ""MinutesOn"": 34, ""MinutesOff"": 86}]","[{""Name"": ""Shey Peddy"", ""On"": ""0.067"", ""Off"": ""0.077"", ""On-Off"": ""-0.010"", ""MinutesOn"": 44, ""MinutesOff"": 94}, {""Name"": ""Odyssey Sims"", ""On"": ""0.000"", ""Off"": ""0.027"", ""On-Off"": ""-0.027"", ""MinutesOn"": 147, ""MinutesOff"": 202}, {""Name"": ""Dearica Hamby"", ""On"": ""0.123"", ""Off"": ""0.093"", ""On-Off"": ""0.030"", ""MinutesOn"": 312, ""MinutesOff"": 1053}, {""Name"": ""Julie Allemand"", ""On"": ""0.022"", ""Off"": ""0.019"", ""On-Off"": ""0.003"", ""MinutesOn"": 112, ""MinutesOff"": 856}, {""Name"": ""Emma Cannon"", ""On"": ""0.082"", ""Off"": ""0.065"", ""On-Off"": ""0.017"", ""MinutesOn"": 117, ""MinutesOff"": 96}, {""Name"": ""Kelsey Plum"", ""On"": ""0.008"", ""Off"": ""0.002"", ""On-Off"": ""0.006"", ""MinutesOn"": 302, ""MinutesOff"": 1206}, {""Name"": ""Mercedes Russell"", ""On"": ""0.017"", ""Off"": ""0.000"", ""On-Off"": ""0.017"", ""MinutesOn"": 104, ""MinutesOff"": 65}, {""Name"": ""Azurá Stevens"", ""On"": ""0.048"", ""Off"": ""0.045"", ""On-Off"": ""0.002"", ""MinutesOn"": 313, ""MinutesOff"": 927}, {""Name"": ""Rae Burrell"", ""On"": ""0.062"", ""Off"": ""0.029"", ""On-Off"": ""0.033"", ""MinutesOn"": 112, ""MinutesOff"": 412}, {""Name"": ""Grace Berger"", ""On"": ""0.000"", ""Off"": ""0.000"", ""On-Off"": ""0.000"", ""MinutesOn"": 16, ""MinutesOff"": 0}, {""Name"": ""Julie Vanloo"", ""On"": ""0.000"", ""Off"": ""0.024"", ""On-Off"": ""-0.024"", ""MinutesOn"": 67, ""MinutesOff"": 202}, {""Name"": ""Cameron Brink"", ""On"": ""0.053"", ""Off"": ""0.100"", ""On-Off"": ""-0.047"", ""MinutesOn"": 40, ""MinutesOff"": 210}, {""Name"": ""Rickea Jackson"", ""On"": ""0.033"", ""Off"": ""0.024"", ""On-Off"": ""0.008"", ""MinutesOn"": 158, ""MinutesOff"": 1009}, {""Name"": ""Alissa Pili"", ""On"": ""0.000"", ""Off"": ""0.000"", ""On-Off"": ""0.000"", ""MinutesOn"": 16, ""MinutesOff"": 2}, {""Name"": ""Sania Feagin"", ""On"": ""0.000"", ""Off"": ""0.000"", ""On-Off"": ""0.000"", ""MinutesOn"": 49, ""MinutesOff"": 27}, {""Name"": ""Liatu King"", ""On"": ""0.091"", ""Off"": ""0.048"", ""On-Off"": ""0.043"", ""MinutesOn"": 34, ""MinutesOff"": 86}]","[{""Name"": ""Shey Peddy"", ""On"": ""0.143"", ""Off"": ""0.078"", ""On-Off"": ""0.065"", ""MinutesOn"": 44, ""MinutesOff"": 94}, {""Name"": ""Odyssey Sims"", ""On"": ""0.070"", ""Off"": ""0.092"", ""On-Off"": ""-0.022"", ""MinutesOn"": 147, ""MinutesOff"": 202}, {""Name"": ""Dearica Hamby"", ""On"": ""0.156"", ""Off"": ""0.178"", ""On-Off"": ""-0.022"", ""MinutesOn"": 312, ""MinutesOff"": 1053}, {""Name"": ""Julie Allemand"", ""On"": ""0.101"", ""Off"": ""0.121"", ""On-Off"": ""-0.020"", ""MinutesOn"": 112, ""MinutesOff"": 856}, {""Name"": ""Emma Cannon"", ""On"": ""0.134"", ""Off"": ""0.130"", ""On-Off"": ""0.005"", ""MinutesOn"": 117, ""MinutesOff"": 96}, {""Name"": ""Kelsey Plum"", ""On"": ""0.091"", ""Off"": ""0.086"", ""On-Off"": ""0.005"", ""MinutesOn"": 302, ""MinutesOff"": 1206}, {""Name"": ""Mercedes Russell"", ""On"": ""0.081"", ""Off"": ""0.127"", ""On-Off"": ""-0.046"", ""MinutesOn"": 104, ""MinutesOff"": 65}, {""Name"": ""Azurá Stevens"", ""On"": ""0.260"", ""Off"": ""0.216"", ""On-Off"": ""0.044"", ""MinutesOn"": 313, ""MinutesOff"": 927}, {""Name"": ""Rae Burrell"", ""On"": ""0.071"", ""Off"": ""0.088"", ""On-Off"": ""-0.017"", ""MinutesOn"": 112, ""MinutesOff"": 412}, {""Name"": ""Grace Berger"", ""On"": ""0.000"", ""Off"": ""0.000"", ""On-Off"": ""0.000"", ""MinutesOn"": 16, ""MinutesOff"": 0}, {""Name"": ""Julie Vanloo"", ""On"": ""0.111"", ""Off"": ""0.027"", ""On-Off"": ""0.084"", ""MinutesOn"": 67, ""MinutesOff"": 202}, {""Name"": ""Cameron Brink"", ""On"": ""0.240"", ""Off"": ""0.199"", ""On-Off"": ""0.041"", ""MinutesOn"": 40, ""MinutesOff"": 210}, {""Name"": ""Rickea Jackson"", ""On"": ""0.083"", ""Off"": ""0.072"", ""On-Off"": ""0.011"", ""MinutesOn"": 158, ""MinutesOff"": 1009}, {""Name"": ""Alissa Pili"", ""On"": ""0.105"", ""Off"": ""0.000"", ""On-Off"": ""0.105"", ""MinutesOn"": 16, ""MinutesOff"": 2}, {""Name"": ""Sania Feagin"", ""On"": ""0.130"", ""Off"": ""0.091"", ""On-Off"": ""0.040"", ""MinutesOn"": 49, ""MinutesOff"": 27}, {""Name"": ""Liatu King"", ""On"": ""0.133"", ""Off"": ""0.130"", ""On-Off"": ""0.003"", ""MinutesOn"": 34, ""MinutesOff"": 86}]","[{""Name"": ""Shey Peddy"", ""On"": ""0.047"", ""Off"": ""0.054"", ""On-Off"": ""-0.008"", ""MinutesOn"": 44, ""MinutesOff"": 94}, {""Name"": ""Odyssey Sims"", ""On"": ""0.022"", ""Off"": ""0.018"", ""On-Off"": ""0.005"", ""MinutesOn"": 147, ""MinutesOff"": 202}, {""Name"": ""Dearica Hamby"", ""On"": ""0.099"", ""Off"": ""0.090"", ""On-Off"": ""0.010"", ""MinutesOn"": 312, ""MinutesOff"": 1053}, {""Name"": ""Julie Allemand"", ""On"": ""0.010"", ""Off"": ""0.015"", ""On-Off"": ""-0.005"", ""MinutesOn"": 112, ""MinutesOff"": 856}, {""Name"": ""Emma Cannon"", ""On"": ""0.064"", ""Off"": ""0.053"", ""On-Off"": ""0.010"", ""MinutesOn"": 117, ""MinutesOff"": 96}, {""Name"": ""Kelsey Plum"", ""On"": ""0.007"", ""Off"": ""0.007"", ""On-Off"": ""0.000"", ""MinutesOn"": 302, ""MinutesOff"": 1206}, {""Name"": ""Mercedes Russell"", ""On"": ""0.053"", ""Off"": ""0.075"", ""On-Off"": ""-0.023"", ""MinutesOn"": 104, ""MinutesOff"": 65}, {""Name"": ""Azurá Stevens"", ""On"": ""0.081"", ""Off"": ""0.061"", ""On-Off"": ""0.020"", ""MinutesOn"": 313, ""MinutesOff"": 927}, {""Name"": ""Rae Burrell"", ""On"": ""0.050"", ""Off"": ""0.035"", ""On-Off"": ""0.015"", ""MinutesOn"": 112, ""MinutesOff"": 412}, {""Name"": ""Grace Berger"", ""On"": ""0.048"", ""Off"": ""0.000"", ""On-Off"": ""0.048"", ""MinutesOn"": 16, ""MinutesOff"": 0}, {""Name"": ""Julie Vanloo"", ""On"": ""0.000"", ""Off"": ""0.011"", ""On-Off"": ""-0.011"", ""MinutesOn"": 67, ""MinutesOff"": 202}, {""Name"": ""Cameron Brink"", ""On"": ""0.081"", ""Off"": ""0.111"", ""On-Off"": ""-0.030"", ""MinutesOn"": 40, ""MinutesOff"": 210}, {""Name"": ""Rickea Jackson"", ""On"": ""0.041"", ""Off"": ""0.033"", ""On-Off"": ""0.008"", ""MinutesOn"": 158, ""MinutesOff"": 1009}, {""Name"": ""Alissa Pili"", ""On"": ""0.000"", ""Off"": ""0.000"", ""On-Off"": ""0.000"", ""MinutesOn"": 16, ""MinutesOff"": 2}, {""Name"": ""Sania Feagin"", ""On"": ""0.025"", ""Off"": ""0.071"", ""On-Off"": ""-0.046"", ""MinutesOn"": 49, ""MinutesOff"": 27}, {""Name"": ""Liatu King"", ""On"": ""0.143"", ""Off"": ""0.119"", ""On-Off"": ""0.024"", ""MinutesOn"": 34, ""MinutesOff"": 86}]","[{""Name"": ""Shey Peddy"", ""On"": ""0.000"", ""Off"": ""0.067"", ""On-Off"": ""-0.067"", ""MinutesOn"": 44, ""MinutesOff"": 94}, {""Name"": ""Odyssey Sims"", ""On"": ""0.042"", ""Off"": ""0.000"", ""On-Off"": ""0.042"", ""MinutesOn"": 147, ""MinutesOff"": 202}, {""Name"": ""Dearica Hamby"", ""On"": ""0.081"", ""Off"": ""0.099"", ""On-Off"": ""-0.018"", ""MinutesOn"": 312, ""MinutesOff"": 1053}, {""Name"": ""Julie Allemand"", ""On"": ""0.000"", ""Off"": ""0.012"", ""On-Off"": ""-0.012"", ""MinutesOn"": 112, ""MinutesOff"": 856}, {""Name"": ""Emma Cannon"", ""On"": ""0.000"", ""Off"": ""0.067"", ""On-Off"": ""-0.067"", ""MinutesOn"": 117, ""MinutesOff"": 96}, {""Name"": ""Kelsey Plum"", ""On"": ""0.000"", ""Off"": ""0.009"", ""On-Off"": ""-0.009"", ""MinutesOn"": 302, ""MinutesOff"": 1206}, {""Name"": ""Mercedes Russell"", ""On"": ""0.154"", ""Off"": ""0.083"", ""On-Off"": ""0.071"", ""MinutesOn"": 104, ""MinutesOff"": 65}, {""Name"": ""Azurá Stevens"", ""On"": ""0.143"", ""Off"": ""0.114"", ""On-Off"": ""0.029"", ""MinutesOn"": 313, ""MinutesOff"": 927}, {""Name"": ""Rae Burrell"", ""On"": ""0.043"", ""Off"": ""0.012"", ""On-Off"": ""0.031"", ""MinutesOn"": 112, ""MinutesOff"": 412}, {""Name"": ""Grace Berger"", ""On"": ""0.000"", ""Off"": ""0.000"", ""On-Off"": ""0.000"", ""MinutesOn"": 16, ""MinutesOff"": 0}, {""Name"": ""Julie Vanloo"", ""On"": ""0.000"", ""Off"": ""0.000"", ""On-Off"": ""0.000"", ""MinutesOn"": 67, ""MinutesOff"": 202}, {""Name"": ""Cameron Brink"", ""On"": ""0.143"", ""Off"": ""0.088"", ""On-Off"": ""0.055"", ""MinutesOn"": 40, ""MinutesOff"": 210}, {""Name"": ""Rickea Jackson"", ""On"": ""0.032"", ""Off"": ""0.058"", ""On-Off"": ""-0.025"", ""MinutesOn"": 158, ""MinutesOff"": 1009}, {""Name"": ""Alissa Pili"", ""On"": ""0.000"", ""Off"": ""0.000"", ""On-Off"": ""0.000"", ""MinutesOn"": 16, ""MinutesOff"": 2}, {""Name"": ""Sania Feagin"", ""On"": ""0.000"", ""Off"": ""0.250"", ""On-Off"": ""-0.250"", ""MinutesOn"": 49, ""MinutesOff"": 27}, {""Name"": ""Liatu King"", ""On"": ""0.333"", ""Off"": ""0.267"", ""On-Off"": ""0.067"", ""MinutesOn"": 34, ""MinutesOff"": 86}]","[{""Name"": ""Shey Peddy"", ""On"": ""0.000"", ""Off"": ""0.000"", ""On-Off"": ""0.000"", ""MinutesOn"": 44, ""MinutesOff"": 94}, {""Name"": ""Odyssey Sims"", ""On"": ""0.043"", ""Off"": ""0.017"", ""On-Off"": ""0.026"", ""MinutesOn"": 147, ""MinutesOff"": 202}, {""Name"": ""Dearica Hamby"", ""On"": ""0.090"", ""Off"": ""0.084"", ""On-Off"": ""0.006"", ""MinutesOn"": 312, ""MinutesOff"": 1053}, {""Name"": ""Julie Allemand"", ""On"": ""0.000"", ""Off"": ""0.011"", ""On-Off"": ""-0.011"", ""MinutesOn"": 112, ""MinutesOff"": 856}, {""Name"": ""Emma Cannon"", ""On"": ""0.053"", ""Off"": ""0.048"", ""On-Off"": ""0.005"", ""MinutesOn"": 117, ""MinutesOff"": 96}, {""Name"": ""Kelsey Plum"", ""On"": ""0.012"", ""Off"": ""0.014"", ""On-Off"": ""-0.002"", ""MinutesOn"": 302, ""MinutesOff"": 1206}, {""Name"": ""Mercedes Russell"", ""On"": ""0.062"", ""Off"": ""0.167"", ""On-Off"": ""-0.104"", ""MinutesOn"": 104, ""MinutesOff"": 65}, {""Name"": ""Azurá Stevens"", ""On"": ""0.079"", ""Off"": ""0.046"", ""On-Off"": ""0.033"", ""MinutesOn"": 313, ""MinutesOff"": 927}, {""Name"": ""Rae Burrell"", ""On"": ""0.036"", ""Off"": ""0.040"", ""On-Off"": ""-0.004"", ""MinutesOn"": 112, ""MinutesOff"": 412}, {""Name"": ""Grace Berger"", ""On"": ""0.250"", ""Off"": ""0.000"", ""On-Off"": ""0.250"", ""MinutesOn"": 16, ""MinutesOff"": 0}, {""Name"": ""Julie Vanloo"", ""On"": ""0.000"", ""Off"": ""0.000"", ""On-Off"": ""0.000"", ""MinutesOn"": 67, ""MinutesOff"": 202}, {""Name"": ""Cameron Brink"", ""On"": ""0.100"", ""Off"": ""0.140"", ""On-Off"": ""-0.040"", ""MinutesOn"": 40, ""MinutesOff"": 210}, {""Name"": ""Rickea Jackson"", ""On"": ""0.073"", ""Off"": ""0.029"", ""On-Off"": ""0.044"", ""MinutesOn"": 158, ""MinutesOff"": 1009}, {""Name"": ""Alissa Pili"", ""On"": ""0.000"", ""Off"": ""0.000"", ""On-Off"": ""0.000"", ""MinutesOn"": 16, ""MinutesOff"": 2}, {""Name"": ""Sania Feagin"", ""On"": ""0.083"", ""Off"": ""0.000"", ""On-Off"": ""0.083"", ""MinutesOn"": 49, ""MinutesOff"": 27}, {""Name"": ""Liatu King"", ""On"": ""0.200"", ""Off"": ""0.095"", ""On-Off"": ""0.105"", ""MinutesOn"": 34, ""MinutesOff"": 86}]","[{""Name"": ""Shey Peddy"", ""On"": ""0.333"", ""Off"": ""0.000"", ""On-Off"": ""0.333"", ""MinutesOn"": 44, ""MinutesOff"": 94}, {""Name"": ""Odyssey Sims"", ""On"": ""0.000"", ""Off"": ""0.000"", ""On-Off"": ""0.000"", ""MinutesOn"": 147, ""MinutesOff"": 202}, {""Name"": ""Dearica Hamby"", ""On"": ""0.077"", ""Off"": ""0.030"", ""On-Off"": ""0.047"", ""MinutesOn"": 312, ""MinutesOff"": 1053}, {""Name"": ""Julie Allemand"", ""On"": ""0.000"", ""Off"": ""0.000"", ""On-Off"": ""0.000"", ""MinutesOn"": 112, ""MinutesOff"": 856}, {""Name"": ""Emma Cannon"", ""On"": ""0.100"", ""Off"": ""0.000"", ""On-Off"": ""0.100"", ""MinutesOn"": 117, ""MinutesOff"": 96}, {""Name"": ""Kelsey Plum"", ""On"": ""0.000"", ""Off"": ""0.000"", ""On-Off"": ""0.000"", ""MinutesOn"": 302, ""MinutesOff"": 1206}, {""Name"": ""Mercedes Russell"", ""On"": ""0.100"", ""Off"": ""0.000"", ""On-Off"": ""0.100"", ""MinutesOn"": 104, ""MinutesOff"": 65}, {""Name"": ""Azurá Stevens"", ""On"": ""0.077"", ""Off"": ""0.042"", ""On-Off"": ""0.035"", ""MinutesOn"": 313, ""MinutesOff"": 927}, {""Name"": ""Rae Burrell"", ""On"": ""0.000"", ""Off"": ""0.150"", ""On-Off"": ""-0.150"", ""MinutesOn"": 112, ""MinutesOff"": 412}, {""Name"": ""Grace Berger"", ""On"": ""0.000"", ""Off"": ""0.000"", ""On-Off"": ""0.000"", ""MinutesOn"": 16, ""MinutesOff"": 0}, {""Name"": ""Julie Vanloo"", ""On"": ""0.000"", ""Off"": ""0.000"", ""On-Off"": ""0.000"", ""MinutesOn"": 67, ""MinutesOff"": 202}, {""Name"": ""Cameron Brink"", ""On"": ""0.000"", ""Off"": ""0.143"", ""On-Off"": ""-0.143"", ""MinutesOn"": 40, ""MinutesOff"": 210}, {""Name"": ""Rickea Jackson"", ""On"": ""0.000"", ""Off"": ""0.024"", ""On-Off"": ""-0.024"", ""MinutesOn"": 158, ""MinutesOff"": 1009}, {""Name"": ""Alissa Pili"", ""On"": ""0.000"", ""Off"": ""0.000"", ""On-Off"": ""0.000"", ""MinutesOn"": 16, ""MinutesOff"": 2}, {""Name"": ""Sania Feagin"", ""On"": ""0.000"", ""Off"": ""0.333"", ""On-Off"": ""-0.333"", ""MinutesOn"": 49, ""MinutesOff"": 27}, {""Name"": ""Liatu King"", ""On"": ""0.000"", ""Off"": ""0.000"", ""On-Off"": ""0.000"", ""MinutesOn"": 34, ""MinutesOff"": 86}]","[{""Name"": ""Shey Peddy"", ""On"": ""0.083"", ""Off"": ""0.062"", ""On-Off"": ""0.021"", ""MinutesOn"": 44, ""MinutesOff"": 94}, {""Name"": ""Odyssey Sims"", ""On"": ""0.000"", ""Off"": ""0.019"", ""On-Off"": ""-0.019"", ""MinutesOn"": 147, ""MinutesOff"": 202}, {""Name"": ""Dearica Hamby"", ""On"": ""0.143"", ""Off"": ""0.085"", ""On-Off"": ""0.058"", ""MinutesOn"": 312, ""MinutesOff"": 1053}, {""Name"": ""Julie Allemand"", ""On"": ""0.028"", ""Off"": ""0.026"", ""On-Off"": ""0.002"", ""MinutesOn"": 112, ""MinutesOff"": 856}, {""Name"": ""Emma Cannon"", ""On"": ""0.079"", ""Off"": ""0.077"", ""On-Off"": ""0.002"", ""MinutesOn"": 117, ""MinutesOff"": 96}, {""Name"": ""Kelsey Plum"", ""On"": ""0.012"", ""Off"": ""0.000"", ""On-Off"": ""0.012"", ""MinutesOn"": 302, ""MinutesOff"": 1206}, {""Name"": ""Mercedes Russell"", ""On"": ""0.000"", ""Off"": ""0.000"", ""On-Off"": ""0.000"", ""MinutesOn"": 104, ""MinutesOff"": 65}, {""Name"": ""Azurá Stevens"", ""On"": ""0.033"", ""Off"": ""0.042"", ""On-Off"": ""-0.009"", ""MinutesOn"": 313, ""MinutesOff"": 927}, {""Name"": ""Rae Burrell"", ""On"": ""0.054"", ""Off"": ""0.023"", ""On-Off"": ""0.031"", ""MinutesOn"": 112, ""MinutesOff"": 412}, {""Name"": ""Grace Berger"", ""On"": ""0.000"", ""Off"": ""0.000"", ""On-Off"": ""0.000"", ""MinutesOn"": 16, ""MinutesOff"": 0}, {""Name"": ""Julie Vanloo"", ""On"": ""0.000"", ""Off"": ""0.014"", ""On-Off"": ""-0.014"", ""MinutesOn"": 67, ""MinutesOff"": 202}, {""Name"": ""Cameron Brink"", ""On"": ""0.077"", ""Off"": ""0.097"", ""On-Off"": ""-0.020"", ""MinutesOn"": 40, ""MinutesOff"": 210}, {""Name"": ""Rickea Jackson"", ""On"": ""0.023"", ""Off"": ""0.028"", ""On-Off"": ""-0.005"", ""MinutesOn"": 158, ""MinutesOff"": 1009}, {""Name"": ""Alissa Pili"", ""On"": ""0.000"", ""Off"": ""0.000"", ""On-Off"": ""0.000"", ""MinutesOn"": 16, ""MinutesOff"": 2}, {""Name"": ""Sania Feagin"", ""On"": ""0.000"", ""Off"": ""0.000"", ""On-Off"": ""0.000"", ""MinutesOn"": 49, ""MinutesOff"": 27}, {""Name"": ""Liatu King"", ""On"": ""0.000"", ""Off"": ""0.062"", ""On-Off"": ""-0.062"", ""MinutesOn"": 34, ""MinutesOff"": 86}]","[{""Name"": ""Shey Peddy"", ""On"": ""0.000"", ""Off"": ""0.143"", ""On-Off"": ""-0.143"", ""MinutesOn"": 44, ""MinutesOff"": 94}, {""Name"": ""Odyssey Sims"", ""On"": ""0.000"", ""Off"": ""0.053"", ""On-Off"": ""-0.053"", ""MinutesOn"": 147, ""MinutesOff"": 202}, {""Name"": ""Dearica Hamby"", ""On"": ""0.069"", ""Off"": ""0.122"", ""On-Off"": ""-0.053"", ""MinutesOn"": 312, ""MinutesOff"": 1053}, {""Name"": ""Julie Allemand"", ""On"": ""0.000"", ""Off"": ""0.000"", ""On-Off"": ""0.000"", ""MinutesOn"": 112, ""MinutesOff"": 856}, {""Name"": ""Emma Cannon"", ""On"": ""0.091"", ""Off"": ""0.000"", ""On-Off"": ""0.091"", ""MinutesOn"": 117, ""MinutesOff"": 96}, {""Name"": ""Kelsey Plum"", ""On"": ""0.000"", ""Off"": ""0.009"", ""On-Off"": ""-0.009"", ""MinutesOn"": 302, ""MinutesOff"": 1206}, {""Name"": ""Mercedes Russell"", ""On"": ""0.053"", ""Off"": ""0.000"", ""On-Off"": ""0.053"", ""MinutesOn"": 104, ""MinutesOff"": 65}, {""Name"": ""Azurá Stevens"", ""On"": ""0.083"", ""Off"": ""0.057"", ""On-Off"": ""0.027"", ""MinutesOn"": 313, ""MinutesOff"": 927}, {""Name"": ""Rae Burrell"", ""On"": ""0.091"", ""Off"": ""0.050"", ""On-Off"": ""0.041"", ""MinutesOn"": 112, ""MinutesOff"": 412}, {""Name"": ""Grace Berger"", ""On"": ""0.000"", ""Off"": ""0.000"", ""On-Off"": ""0.000"", ""MinutesOn"": 16, ""MinutesOff"": 0}, {""Name"": ""Julie Vanloo"", ""On"": ""0.000"", ""Off"": ""0.067"", ""On-Off"": ""-0.067"", ""MinutesOn"": 67, ""MinutesOff"": 202}, {""Name"": ""Cameron Brink"", ""On"": ""0.000"", ""Off"": ""0.107"", ""On-Off"": ""-0.107"", ""MinutesOn"": 40, ""MinutesOff"": 210}, {""Name"": ""Rickea Jackson"", ""On"": ""0.056"", ""Off"": ""0.011"", ""On-Off"": ""0.044"", ""MinutesOn"": 158, ""MinutesOff"": 1009}, {""Name"": ""Alissa Pili"", ""On"": ""0.000"", ""Off"": ""0.000"", ""On-Off"": ""0.000"", ""MinutesOn"": 16, ""MinutesOff"": 2}, {""Name"": ""Sania Feagin"", ""On"": ""0.000"", ""Off"": ""0.000"", ""On-Off"": ""0.000"", ""MinutesOn"": 49, ""MinutesOff"": 27}, {""Name"": ""Liatu King"", ""On"": ""0.500"", ""Off"": ""0.000"", ""On-Off"": ""0.500"", ""MinutesOn"": 34, ""MinutesOff"": 86}]","[{""Name"": ""Shey Peddy"", ""On"": ""0.000"", ""Off"": ""0.000"", ""On-Off"": ""0.000"", ""MinutesOn"": 44, ""MinutesOff"": 94}, {""Name"": ""Odyssey Sims"", ""On"": ""0.083"", ""Off"": ""0.000"", ""On-Off"": ""0.083"", ""MinutesOn"": 147, ""MinutesOff"": 202}, {""Name"": ""Dearica Hamby"", ""On"": ""0.196"", ""Off"": ""0.156"", ""On-Off"": ""0.040"", ""MinutesOn"": 312, ""MinutesOff"": 1053}, {""Name"": ""Julie Allemand"", ""On"": ""0.059"", ""Off"": ""0.083"", ""On-Off"": ""-0.025"", ""MinutesOn"": 112, ""MinutesOff"": 856}, {""Name"": ""Emma Cannon"", ""On"": ""0.150"", ""Off"": ""0.222"", ""On-Off"": ""-0.072"", ""MinutesOn"": 117, ""MinutesOff"": 96}, {""Name"": ""Kelsey Plum"", ""On"": ""0.065"", ""Off"": ""0.078"", ""On-Off"": ""-0.012"", ""MinutesOn"": 302, ""MinutesOff"": 1206}, {""Name"": ""Mercedes Russell"", ""On"": ""0.111"", ""Off"": ""0.111"", ""On-Off"": ""0.000"", ""MinutesOn"": 104, ""MinutesOff"": 65}, {""Name"": ""Azurá Stevens"", ""On"": ""0.302"", ""Off"": ""0.335"", ""On-Off"": ""-0.033"", ""MinutesOn"": 313, ""MinutesOff"": 927}, {""Name"": ""Rae Burrell"", ""On"": ""0.062"", ""Off"": ""0.051"", ""On-Off"": ""0.012"", ""MinutesOn"": 112, ""MinutesOff"": 412}, {""Name"": ""Grace Berger"", ""On"": ""0.000"", ""Off"": ""0.000"", ""On-Off"": ""0.000"", ""MinutesOn"": 16, ""MinutesOff"": 0}, {""Name"": ""Julie Vanloo"", ""On"": ""0.000"", ""Off"": ""0.000"", ""On-Off"": ""0.000"", ""MinutesOn"": 67, ""MinutesOff"": 202}, {""Name"": ""Cameron Brink"", ""On"": ""0.333"", ""Off"": ""0.257"", ""On-Off"": ""0.076"", ""MinutesOn"": 40, ""MinutesOff"": 210}, {""Name"": ""Rickea Jackson"", ""On"": ""0.048"", ""Off"": ""0.047"", ""On-Off"": ""0.000"", ""MinutesOn"": 158, ""MinutesOff"": 1009}, {""Name"": ""Alissa Pili"", ""On"": ""0.000"", ""Off"": ""0.000"", ""On-Off"": ""0.000"", ""MinutesOn"": 16, ""MinutesOff"": 2}, {""Name"": ""Sania Feagin"", ""On"": ""0.000"", ""Off"": ""0.286"", ""On-Off"": ""-0.286"", ""MinutesOn"": 49, ""MinutesOff"": 27}, {""Name"": ""Liatu King"", ""On"": ""0.333"", ""Off"": ""0.000"", ""On-Off"": ""0.333"", ""MinutesOn"": 34, ""MinutesOff"": 86}]","[{""Name"": ""Shey Peddy"", ""On"": ""0.000"", ""Off"": ""0.056"", ""On-Off"": ""-0.056"", ""MinutesOn"": 44, ""MinutesOff"": 94}, {""Name"": ""Odyssey Sims"", ""On"": ""0.028"", ""Off"": ""0.120"", ""On-Off"": ""-0.092"", ""MinutesOn"": 147, ""MinutesOff"": 202}, {""Name"": ""Dearica Hamby"", ""On"": ""0.215"", ""Off"": ""0.167"", ""On-Off"": ""0.049"", ""MinutesOn"": 312, ""MinutesOff"": 1053}, {""Name"": ""Julie Allemand"", ""On"": ""0.118"", ""Off"": ""0.086"", ""On-Off"": ""0.031"", ""MinutesOn"": 112, ""MinutesOff"": 856}, {""Name"": ""Emma Cannon"", ""On"": ""0.087"", ""Off"": ""0.154"", ""On-Off"": ""-0.067"", ""MinutesOn"": 117, ""MinutesOff"": 96}, {""Name"": ""Kelsey Plum"", ""On"": ""0.086"", ""Off"": ""0.078"", ""On-Off"": ""0.008"", ""MinutesOn"": 302, ""MinutesOff"": 1206}, {""Name"": ""Mercedes Russell"", ""On"": ""0.000"", ""Off"": ""0.211"", ""On-Off"": ""-0.211"", ""MinutesOn"": 104, ""MinutesOff"": 65}, {""Name"": ""Azurá Stevens"", ""On"": ""0.369"", ""Off"": ""0.267"", ""On-Off"": ""0.103"", ""MinutesOn"": 313, ""MinutesOff"": 927}, {""Name"": ""Rae Burrell"", ""On"": ""0.000"", ""Off"": ""0.081"", ""On-Off"": ""-0.081"", ""MinutesOn"": 112, ""MinutesOff"": 412}, {""Name"": ""Grace Berger"", ""On"": ""0.000"", ""Off"": ""0.000"", ""On-Off"": ""0.000"", ""MinutesOn"": 16, ""MinutesOff"": 0}, {""Name"": ""Julie Vanloo"", ""On"": ""0.000"", ""Off"": ""0.000"", ""On-Off"": ""0.000"", ""MinutesOn"": 67, ""MinutesOff"": 202}, {""Name"": ""Cameron Brink"", ""On"": ""0.200"", ""Off"": ""0.152"", ""On-Off"": ""0.048"", ""MinutesOn"": 40, ""MinutesOff"": 210}, {""Name"": ""Rickea Jackson"", ""On"": ""0.029"", ""Off"": ""0.072"", ""On-Off"": ""-0.043"", ""MinutesOn"": 158, ""MinutesOff"": 1009}, {""Name"": ""Alissa Pili"", ""On"": ""0.250"", ""Off"": ""0.000"", ""On-Off"": ""0.250"", ""MinutesOn"": 16, ""MinutesOff"": 2}, {""Name"": ""Sania Feagin"", ""On"": ""0.200"", ""Off"": ""0.000"", ""On-Off"": ""0.200"", ""MinutesOn"": 49, ""MinutesOff"": 27}, {""Name"": ""Liatu King"", ""On"": ""0.200"", ""Off"": ""0.231"", ""On-Off"": ""-0.031"", ""MinutesOn"": 34, ""MinutesOff"": 86}]","[{""Name"": ""Shey Peddy"", ""On"": ""0.167"", ""Off"": ""0.167"", ""On-Off"": ""0.000"", ""MinutesOn"": 44, ""MinutesOff"": 94}, {""Name"": ""Odyssey Sims"", ""On"": ""0.067"", ""Off"": ""0.059"", ""On-Off"": ""0.008"", ""MinutesOn"": 147, ""MinutesOff"": 202}, {""Name"": ""Dearica Hamby"", ""On"": ""0.147"", ""Off"": ""0.189"", ""On-Off"": ""-0.042"", ""MinutesOn"": 312, ""MinutesOff"": 1053}, {""Name"": ""Julie Allemand"", ""On"": ""0.000"", ""Off"": ""0.171"", ""On-Off"": ""-0.171"", ""MinutesOn"": 112, ""MinutesOff"": 856}, {""Name"": ""Emma Cannon"", ""On"": ""0.158"", ""Off"": ""0.125"", ""On-Off"": ""0.033"", ""MinutesOn"": 117, ""MinutesOff"": 96}, {""Name"": ""Kelsey Plum"", ""On"": ""0.240"", ""Off"": ""0.093"", ""On-Off"": ""0.147"", ""MinutesOn"": 302, ""MinutesOff"": 1206}, {""Name"": ""Mercedes Russell"", ""On"": ""0.000"", ""Off"": ""0.000"", ""On-Off"": ""0.000"", ""MinutesOn"": 104, ""MinutesOff"": 65}, {""Name"": ""Azurá Stevens"", ""On"": ""0.391"", ""Off"": ""0.180"", ""On-Off"": ""0.212"", ""MinutesOn"": 313, ""MinutesOff"": 927}, {""Name"": ""Rae Burrell"", ""On"": ""0.000"", ""Off"": ""0.098"", ""On-Off"": ""-0.098"", ""MinutesOn"": 112, ""MinutesOff"": 412}, {""Name"": ""Grace Berger"", ""On"": ""0.000"", ""Off"": ""0.000"", ""On-Off"": ""0.000"", ""MinutesOn"": 16, ""MinutesOff"": 0}, {""Name"": ""Julie Vanloo"", ""On"": ""0.083"", ""Off"": ""0.053"", ""On-Off"": ""0.031"", ""MinutesOn"": 67, ""MinutesOff"": 202}, {""Name"": ""Cameron Brink"", ""On"": ""0.200"", ""Off"": ""0.174"", ""On-Off"": ""0.026"", ""MinutesOn"": 40, ""MinutesOff"": 210}, {""Name"": ""Rickea Jackson"", ""On"": ""0.000"", ""Off"": ""0.079"", ""On-Off"": ""-0.079"", ""MinutesOn"": 158, ""MinutesOff"": 1009}, {""Name"": ""Alissa Pili"", ""On"": ""0.000"", ""Off"": ""0.000"", ""On-Off"": ""0.000"", ""MinutesOn"": 16, ""MinutesOff"": 2}, {""Name"": ""Sania Feagin"", ""On"": ""0.125"", ""Off"": ""0.000"", ""On-Off"": ""0.125"", ""MinutesOn"": 49, ""MinutesOff"": 27}, {""Name"": ""Liatu King"", ""On"": ""0.000"", ""Off"": ""0.000"", ""On-Off"": ""0.000"", ""MinutesOn"": 34, ""MinutesOff"": 86}]","[{""Name"": ""Shey Peddy"", ""On"": ""0.231"", ""Off"": ""0.160"", ""On-Off"": ""0.071"", ""MinutesOn"": 44, ""MinutesOff"": 94}, {""Name"": ""Odyssey Sims"", ""On"": ""0.098"", ""Off"": ""0.125"", ""On-Off"": ""-0.027"", ""MinutesOn"": 147, ""MinutesOff"": 202}, {""Name"": ""Dearica Hamby"", ""On"": ""0.097"", ""Off"": ""0.183"", ""On-Off"": ""-0.086"", ""MinutesOn"": 312, ""MinutesOff"": 1053}, {""Name"": ""Julie Allemand"", ""On"": ""0.088"", ""Off"": ""0.152"", ""On-Off"": ""-0.064"", ""MinutesOn"": 112, ""MinutesOff"": 856}, {""Name"": ""Emma Cannon"", ""On"": ""0.174"", ""Off"": ""0.071"", ""On-Off"": ""0.102"", ""MinutesOn"": 117, ""MinutesOff"": 96}, {""Name"": ""Kelsey Plum"", ""On"": ""0.078"", ""Off"": ""0.091"", ""On-Off"": ""-0.013"", ""MinutesOn"": 302, ""MinutesOff"": 1206}, {""Name"": ""Mercedes Russell"", ""On"": ""0.107"", ""Off"": ""0.048"", ""On-Off"": ""0.060"", ""MinutesOn"": 104, ""MinutesOff"": 65}, {""Name"": ""Azurá Stevens"", ""On"": ""0.204"", ""Off"": ""0.156"", ""On-Off"": ""0.048"", ""MinutesOn"": 313, ""MinutesOff"": 927}, {""Name"": ""Rae Burrell"", ""On"": ""0.135"", ""Off"": ""0.123"", ""On-Off"": ""0.012"", ""MinutesOn"": 112, ""MinutesOff"": 412}, {""Name"": ""Grace Berger"", ""On"": ""0.000"", ""Off"": ""0.000"", ""On-Off"": ""0.000"", ""MinutesOn"": 16, ""MinutesOff"": 0}, {""Name"": ""Julie Vanloo"", ""On"": ""0.154"", ""Off"": ""0.077"", ""On-Off"": ""0.077"", ""MinutesOn"": 67, ""MinutesOff"": 202}, {""Name"": ""Cameron Brink"", ""On"": ""0.267"", ""Off"": ""0.229"", ""On-Off"": ""0.038"", ""MinutesOn"": 40, ""MinutesOff"": 210}, {""Name"": ""Rickea Jackson"", ""On"": ""0.143"", ""Off"": ""0.086"", ""On-Off"": ""0.057"", ""MinutesOn"": 158, ""MinutesOff"": 1009}, {""Name"": ""Alissa Pili"", ""On"": ""0.000"", ""Off"": ""0.000"", ""On-Off"": ""0.000"", ""MinutesOn"": 16, ""MinutesOff"": 2}, {""Name"": ""Sania Feagin"", ""On"": ""0.136"", ""Off"": ""0.000"", ""On-Off"": ""0.136"", ""MinutesOn"": 49, ""MinutesOff"": 27}, {""Name"": ""Liatu King"", ""On"": ""0.091"", ""Off"": ""0.129"", ""On-Off"": ""-0.038"", ""MinutesOn"": 34, ""MinutesOff"": 86}]","[{""Name"": ""Shey Peddy"", ""On"": ""0.500"", ""Off"": ""0.000"", ""On-Off"": ""0.500"", ""MinutesOn"": 44, ""MinutesOff"": 94}, {""Name"": ""Odyssey Sims"", ""On"": ""0.062"", ""Off"": ""0.000"", ""On-Off"": ""0.062"", ""MinutesOn"": 147, ""MinutesOff"": 202}, {""Name"": ""Dearica Hamby"", ""On"": ""0.194"", ""Off"": ""0.233"", ""On-Off"": ""-0.039"", ""MinutesOn"": 312, ""MinutesOff"": 1053}, {""Name"": ""Julie Allemand"", ""On"": ""0.176"", ""Off"": ""0.130"", ""On-Off"": ""0.046"", ""MinutesOn"": 112, ""MinutesOff"": 856}, {""Name"": ""Emma Cannon"", ""On"": ""0.000"", ""Off"": ""0.167"", ""On-Off"": ""-0.167"", ""MinutesOn"": 117, ""MinutesOff"": 96}, {""Name"": ""Kelsey Plum"", ""On"": ""0.062"", ""Off"": ""0.101"", ""On-Off"": ""-0.039"", ""MinutesOn"": 302, ""MinutesOff"": 1206}, {""Name"": ""Mercedes Russell"", ""On"": ""0.222"", ""Off"": ""0.333"", ""On-Off"": ""-0.111"", ""MinutesOn"": 104, ""MinutesOff"": 65}, {""Name"": ""Azurá Stevens"", ""On"": ""0.067"", ""Off"": ""0.095"", ""On-Off"": ""-0.029"", ""MinutesOn"": 313, ""MinutesOff"": 927}, {""Name"": ""Rae Burrell"", ""On"": ""0.100"", ""Off"": ""0.056"", ""On-Off"": ""0.044"", ""MinutesOn"": 112, ""MinutesOff"": 412}, {""Name"": ""Grace Berger"", ""On"": ""0.000"", ""Off"": ""0.000"", ""On-Off"": ""0.000"", ""MinutesOn"": 16, ""MinutesOff"": 0}, {""Name"": ""Julie Vanloo"", ""On"": ""0.333"", ""Off"": ""0.000"", ""On-Off"": ""0.333"", ""MinutesOn"": 67, ""MinutesOff"": 202}, {""Name"": ""Cameron Brink"", ""On"": ""0.167"", ""Off"": ""0.176"", ""On-Off"": ""-0.010"", ""MinutesOn"": 40, ""MinutesOff"": 210}, {""Name"": ""Rickea Jackson"", ""On"": ""0.133"", ""Off"": ""0.070"", ""On-Off"": ""0.064"", ""MinutesOn"": 158, ""MinutesOff"": 1009}, {""Name"": ""Alissa Pili"", ""On"": ""0.333"", ""Off"": ""0.000"", ""On-Off"": ""0.333"", ""MinutesOn"": 16, ""MinutesOff"": 2}, {""Name"": ""Sania Feagin"", ""On"": ""0.000"", ""Off"": ""0.000"", ""On-Off"": ""0.000"", ""MinutesOn"": 49, ""MinutesOff"": 27}, {""Name"": ""Liatu King"", ""On"": ""0.000"", ""Off"": ""0.000"", ""On-Off"": ""0.000"", ""MinutesOn"": 34, ""MinutesOff"": 86}]","[{""Name"": ""Shey Peddy"", ""On"": ""0.000"", ""Off"": ""0.000"", ""On-Off"": ""0.000"", ""MinutesOn"": 44, ""MinutesOff"": 94}, {""Name"": ""Odyssey Sims"", ""On"": ""0.000"", ""Off"": ""0.000"", ""On-Off"": ""0.000"", ""MinutesOn"": 147, ""MinutesOff"": 202}, {""Name"": ""Dearica Hamby"", ""On"": ""0.333"", ""Off"": ""0.400"", ""On-Off"": ""-0.067"", ""MinutesOn"": 312, ""MinutesOff"": 1053}, {""Name"": ""Julie Allemand"", ""On"": ""1.000"", ""Off"": ""0.000"", ""On-Off"": ""1.000"", ""MinutesOn"": 112, ""MinutesOff"": 856}, {""Name"": ""Emma Cannon"", ""On"": ""0.000"", ""Off"": ""1.000"", ""On-Off"": ""-1.000"", ""MinutesOn"": 117, ""MinutesOff"": 96}, {""Name"": ""Kelsey Plum"", ""On"": ""0.000"", ""Off"": ""0.250"", ""On-Off"": ""-0.250"", ""MinutesOn"": 302, ""MinutesOff"": 1206}, {""Name"": ""Mercedes Russell"", ""On"": ""0.500"", ""Off"": ""0.000"", ""On-Off"": ""0.500"", ""MinutesOn"": 104, ""MinutesOff"": 65}, {""Name"": ""Azurá Stevens"", ""On"": ""0.750"", ""Off"": ""0.462"", ""On-Off"": ""0.288"", ""MinutesOn"": 313, ""MinutesOff"": 927}, {""Name"": ""Rae Burrell"", ""On"": ""0.000"", ""Off"": ""0.250"", ""On-Off"": ""-0.250"", ""MinutesOn"": 112, ""MinutesOff"": 412}, {""Name"": ""Grace Berger"", ""On"": ""0.000"", ""Off"": ""0.000"", ""On-Off"": ""0.000"", ""MinutesOn"": 16, ""MinutesOff"": 0}, {""Name"": ""Julie Vanloo"", ""On"": ""0.000"", ""Off"": ""0.000"", ""On-Off"": ""0.000"", ""MinutesOn"": 67, ""MinutesOff"": 202}, {""Name"": ""Cameron Brink"", ""On"": ""0.200"", ""Off"": ""0.524"", ""On-Off"": ""-0.324"", ""MinutesOn"": 40, ""MinutesOff"": 210}, {""Name"": ""Rickea Jackson"", ""On"": ""1.000"", ""Off"": ""0.667"", ""On-Off"": ""0.333"", ""MinutesOn"": 158, ""MinutesOff"": 1009}, {""Name"": ""Alissa Pili"", ""On"": ""0.000"", ""Off"": ""0.000"", ""On-Off"": ""0.000"", ""MinutesOn"": 16, ""MinutesOff"": 2}, {""Name"": ""Sania Feagin"", ""On"": ""0.200"", ""Off"": ""0.000"", ""On-Off"": ""0.200"", ""MinutesOn"": 49, ""MinutesOff"": 27}, {""Name"": ""Liatu King"", ""On"": ""0.000"", ""Off"": ""0.000"", ""On-Off"": ""0.000"", ""MinutesOn"": 34, ""MinutesOff"": 86}]","[{""Name"": ""Shey Peddy"", ""On"": ""14.833"", ""Off"": ""15.277"", ""On-Off"": ""-0.444"", ""MinutesOn"": 44, ""MinutesOff"": 94}, {""Name"": ""Odyssey Sims"", ""On"": ""14.885"", ""Off"": ""14.743"", ""On-Off"": ""0.142"", ""MinutesOn"": 147, ""MinutesOff"": 202}, {""Name"": ""Dearica Hamby"", ""On"": ""14.733"", ""Off"": ""14.785"", ""On-Off"": ""-0.052"", ""MinutesOn"": 312, ""MinutesOff"": 1053}, {""Name"": ""Julie Allemand"", ""On"": ""15.580"", ""Off"": ""14.593"", ""On-Off"": ""0.987"", ""MinutesOn"": 112, ""MinutesOff"": 856}, {""Name"": ""Emma Cannon"", ""On"": ""14.313"", ""Off"": ""15.106"", ""On-Off"": ""-0.793"", ""MinutesOn"": 117, ""MinutesOff"": 96}, {""Name"": ""Kelsey Plum"", ""On"": ""14.766"", ""Off"": ""14.727"", ""On-Off"": ""0.039"", ""MinutesOn"": 302, ""MinutesOff"": 1206}, {""Name"": ""Mercedes Russell"", ""On"": ""15.724"", ""Off"": ""15.539"", ""On-Off"": ""0.185"", ""MinutesOn"": 104, ""MinutesOff"": 65}, {""Name"": ""Azurá Stevens"", ""On"": ""15.102"", ""Off"": ""14.785"", ""On-Off"": ""0.317"", ""MinutesOn"": 313, ""MinutesOff"": 927}, {""Name"": ""Rae Burrell"", ""On"": ""13.996"", ""Off"": ""14.446"", ""On-Off"": ""-0.451"", ""MinutesOn"": 112, ""MinutesOff"": 412}, {""Name"": ""Grace Berger"", ""On"": ""15.083"", ""Off"": ""0.000"", ""On-Off"": ""15.083"", ""MinutesOn"": 16, ""MinutesOff"": 0}, {""Name"": ""Julie Vanloo"", ""On"": ""14.031"", ""Off"": ""14.674"", ""On-Off"": ""-0.643"", ""MinutesOn"": 67, ""MinutesOff"": 202}, {""Name"": ""Cameron Brink"", ""On"": ""14.627"", ""Off"": ""14.232"", ""On-Off"": ""0.395"", ""MinutesOn"": 40, ""MinutesOff"": 210}, {""Name"": ""Rickea Jackson"", ""On"": ""15.108"", ""Off"": ""14.693"", ""On-Off"": ""0.415"", ""MinutesOn"": 158, ""MinutesOff"": 1009}, {""Name"": ""Alissa Pili"", ""On"": ""12.767"", ""Off"": ""14.667"", ""On-Off"": ""-1.900"", ""MinutesOn"": 16, ""MinutesOff"": 2}, {""Name"": ""Sania Feagin"", ""On"": ""13.816"", ""Off"": ""14.678"", ""On-Off"": ""-0.862"", ""MinutesOn"": 49, ""MinutesOff"": 27}, {""Name"": ""Liatu King"", ""On"": ""13.431"", ""Off"": ""15.160"", ""On-Off"": ""-1.729"", ""MinutesOn"": 34, ""MinutesOff"": 86}]","[{""Name"": ""Shey Peddy"", ""On"": ""14.402"", ""Off"": ""15.470"", ""On-Off"": ""-1.067"", ""MinutesOn"": 44, ""MinutesOff"": 94}, {""Name"": ""Odyssey Sims"", ""On"": ""15.622"", ""Off"": ""15.284"", ""On-Off"": ""0.338"", ""MinutesOn"": 147, ""MinutesOff"": 202}, {""Name"": ""Dearica Hamby"", ""On"": ""15.371"", ""Off"": ""15.411"", ""On-Off"": ""-0.040"", ""MinutesOn"": 312, ""MinutesOff"": 1053}, {""Name"": ""Julie Allemand"", ""On"": ""15.916"", ""Off"": ""15.310"", ""On-Off"": ""0.606"", ""MinutesOn"": 112, ""MinutesOff"": 856}, {""Name"": ""Emma Cannon"", ""On"": ""15.527"", ""Off"": ""15.630"", ""On-Off"": ""-0.103"", ""MinutesOn"": 117, ""MinutesOff"": 96}, {""Name"": ""Kelsey Plum"", ""On"": ""15.472"", ""Off"": ""15.406"", ""On-Off"": ""0.066"", ""MinutesOn"": 302, ""MinutesOff"": 1206}, {""Name"": ""Mercedes Russell"", ""On"": ""15.513"", ""Off"": ""14.341"", ""On-Off"": ""1.172"", ""MinutesOn"": 104, ""MinutesOff"": 65}, {""Name"": ""Azurá Stevens"", ""On"": ""15.248"", ""Off"": ""15.435"", ""On-Off"": ""-0.187"", ""MinutesOn"": 313, ""MinutesOff"": 927}, {""Name"": ""Rae Burrell"", ""On"": ""15.825"", ""Off"": ""15.137"", ""On-Off"": ""0.688"", ""MinutesOn"": 112, ""MinutesOff"": 412}, {""Name"": ""Grace Berger"", ""On"": ""11.917"", ""Off"": ""0.000"", ""On-Off"": ""11.917"", ""MinutesOn"": 16, ""MinutesOff"": 0}, {""Name"": ""Julie Vanloo"", ""On"": ""16.537"", ""Off"": ""15.427"", ""On-Off"": ""1.110"", ""MinutesOn"": 67, ""MinutesOff"": 202}, {""Name"": ""Cameron Brink"", ""On"": ""16.449"", ""Off"": ""15.334"", ""On-Off"": ""1.115"", ""MinutesOn"": 40, ""MinutesOff"": 210}, {""Name"": ""Rickea Jackson"", ""On"": ""14.681"", ""Off"": ""15.431"", ""On-Off"": ""-0.750"", ""MinutesOn"": 158, ""MinutesOff"": 1009}, {""Name"": ""Alissa Pili"", ""On"": ""17.677"", ""Off"": ""14.000"", ""On-Off"": ""3.677"", ""MinutesOn"": 16, ""MinutesOff"": 2}, {""Name"": ""Sania Feagin"", ""On"": ""15.142"", ""Off"": ""13.254"", ""On-Off"": ""1.887"", ""MinutesOn"": 49, ""MinutesOff"": 27}, {""Name"": ""Liatu King"", ""On"": ""14.797"", ""Off"": ""15.118"", ""On-Off"": ""-0.320"", ""MinutesOn"": 34, ""MinutesOff"": 86}]","[{""Name"": ""Shey Peddy"", ""On"": ""0.444"", ""Off"": ""0.067"", ""On-Off"": ""0.378"", ""MinutesOn"": 44, ""MinutesOff"": 94}, {""Name"": ""Odyssey Sims"", ""On"": ""0.184"", ""Off"": ""0.277"", ""On-Off"": ""-0.093"", ""MinutesOn"": 147, ""MinutesOff"": 202}, {""Name"": ""Dearica Hamby"", ""On"": ""0.571"", ""Off"": ""0.655"", ""On-Off"": ""-0.084"", ""MinutesOn"": 312, ""MinutesOff"": 1053}, {""Name"": ""Julie Allemand"", ""On"": ""0.350"", ""Off"": ""0.295"", ""On-Off"": ""0.055"", ""MinutesOn"": 112, ""MinutesOff"": 856}, {""Name"": ""Emma Cannon"", ""On"": ""0.250"", ""Off"": ""0.257"", ""On-Off"": ""-0.007"", ""MinutesOn"": 117, ""MinutesOff"": 96}, {""Name"": ""Kelsey Plum"", ""On"": ""0.266"", ""Off"": ""0.211"", ""On-Off"": ""0.055"", ""MinutesOn"": 302, ""MinutesOff"": 1206}, {""Name"": ""Mercedes Russell"", ""On"": ""0.357"", ""Off"": ""0.385"", ""On-Off"": ""-0.027"", ""MinutesOn"": 104, ""MinutesOff"": 65}, {""Name"": ""Azurá Stevens"", ""On"": ""0.324"", ""Off"": ""0.354"", ""On-Off"": ""-0.030"", ""MinutesOn"": 313, ""MinutesOff"": 927}, {""Name"": ""Rae Burrell"", ""On"": ""0.375"", ""Off"": ""0.392"", ""On-Off"": ""-0.017"", ""MinutesOn"": 112, ""MinutesOff"": 412}, {""Name"": ""Grace Berger"", ""On"": ""0.250"", ""Off"": ""0.000"", ""On-Off"": ""0.250"", ""MinutesOn"": 16, ""MinutesOff"": 0}, {""Name"": ""Julie Vanloo"", ""On"": ""0.278"", ""Off"": ""0.000"", ""On-Off"": ""0.278"", ""MinutesOn"": 67, ""MinutesOff"": 202}, {""Name"": ""Cameron Brink"", ""On"": ""0.312"", ""Off"": ""0.333"", ""On-Off"": ""-0.021"", ""MinutesOn"": 40, ""MinutesOff"": 210}, {""Name"": ""Rickea Jackson"", ""On"": ""0.225"", ""Off"": ""0.286"", ""On-Off"": ""-0.061"", ""MinutesOn"": 158, ""MinutesOff"": 1009}, {""Name"": ""Alissa Pili"", ""On"": ""0.833"", ""Off"": ""0.000"", ""On-Off"": ""0.833"", ""MinutesOn"": 16, ""MinutesOff"": 2}, {""Name"": ""Sania Feagin"", ""On"": ""0.368"", ""Off"": ""0.556"", ""On-Off"": ""-0.187"", ""MinutesOn"": 49, ""MinutesOff"": 27}, {""Name"": ""Liatu King"", ""On"": ""0.250"", ""Off"": ""0.312"", ""On-Off"": ""-0.062"", ""MinutesOn"": 34, ""MinutesOff"": 86}]","[{""Name"": ""Shey Peddy"", ""On"": ""0.500"", ""Off"": ""1.000"", ""On-Off"": ""-0.500"", ""MinutesOn"": 44, ""MinutesOff"": 94}, {""Name"": ""Odyssey Sims"", ""On"": ""0.667"", ""Off"": ""0.538"", ""On-Off"": ""0.128"", ""MinutesOn"": 147, ""MinutesOff"": 202}, {""Name"": ""Dearica Hamby"", ""On"": ""0.650"", ""Off"": ""0.724"", ""On-Off"": ""-0.074"", ""MinutesOn"": 312, ""MinutesOff"": 1053}, {""Name"": ""Julie Allemand"", ""On"": ""0.857"", ""Off"": ""0.756"", ""On-Off"": ""0.101"", ""MinutesOn"": 112, ""MinutesOff"": 856}, {""Name"": ""Emma Cannon"", ""On"": ""1.000"", ""Off"": ""0.778"", ""On-Off"": ""0.222"", ""MinutesOn"": 117, ""MinutesOff"": 96}, {""Name"": ""Kelsey Plum"", ""On"": ""0.579"", ""Off"": ""0.630"", ""On-Off"": ""-0.051"", ""MinutesOn"": 302, ""MinutesOff"": 1206}, {""Name"": ""Mercedes Russell"", ""On"": ""0.600"", ""Off"": ""0.400"", ""On-Off"": ""0.200"", ""MinutesOn"": 104, ""MinutesOff"": 65}, {""Name"": ""Azurá Stevens"", ""On"": ""0.571"", ""Off"": ""0.681"", ""On-Off"": ""-0.110"", ""MinutesOn"": 313, ""MinutesOff"": 927}, {""Name"": ""Rae Burrell"", ""On"": ""0.667"", ""Off"": ""0.588"", ""On-Off"": ""0.078"", ""MinutesOn"": 112, ""MinutesOff"": 412}, {""Name"": ""Grace Berger"", ""On"": ""0.000"", ""Off"": ""0.000"", ""On-Off"": ""0.000"", ""MinutesOn"": 16, ""MinutesOff"": 0}, {""Name"": ""Julie Vanloo"", ""On"": ""0.400"", ""Off"": ""0.000"", ""On-Off"": ""0.400"", ""MinutesOn"": 67, ""MinutesOff"": 202}, {""Name"": ""Cameron Brink"", ""On"": ""0.800"", ""Off"": ""0.727"", ""On-Off"": ""0.073"", ""MinutesOn"": 40, ""MinutesOff"": 210}, {""Name"": ""Rickea Jackson"", ""On"": ""0.688"", ""Off"": ""0.644"", ""On-Off"": ""0.043"", ""MinutesOn"": 158, ""MinutesOff"": 1009}, {""Name"": ""Alissa Pili"", ""On"": ""0.600"", ""Off"": ""0.000"", ""On-Off"": ""0.600"", ""MinutesOn"": 16, ""MinutesOff"": 2}, {""Name"": ""Sania Feagin"", ""On"": ""0.714"", ""Off"": ""0.800"", ""On-Off"": ""-0.086"", ""MinutesOn"": 49, ""MinutesOff"": 27}, {""Name"": ""Liatu King"", ""On"": ""1.000"", ""Off"": ""1.000"", ""On-Off"": ""0.000"", ""MinutesOn"": 34, ""MinutesOff"": 86}]","[{""Name"": ""Shey Peddy"", ""On"": ""0.500"", ""Off"": ""0.000"", ""On-Off"": ""0.500"", ""MinutesOn"": 44, ""MinutesOff"": 94}, {""Name"": ""Odyssey Sims"", ""On"": ""0.500"", ""Off"": ""0.571"", ""On-Off"": ""-0.071"", ""MinutesOn"": 147, ""MinutesOff"": 202}, {""Name"": ""Dearica Hamby"", ""On"": ""0.654"", ""Off"": ""0.792"", ""On-Off"": ""-0.138"", ""MinutesOn"": 312, ""MinutesOff"": 1053}, {""Name"": ""Julie Allemand"", ""On"": ""0.333"", ""Off"": ""0.387"", ""On-Off"": ""-0.054"", ""MinutesOn"": 112, ""MinutesOff"": 856}, {""Name"": ""Emma Cannon"", ""On"": ""0.714"", ""Off"": ""1.000"", ""On-Off"": ""-0.286"", ""MinutesOn"": 117, ""MinutesOff"": 96}, {""Name"": ""Kelsey Plum"", ""On"": ""0.227"", ""Off"": ""0.238"", ""On-Off"": ""-0.011"", ""MinutesOn"": 302, ""MinutesOff"": 1206}, {""Name"": ""Mercedes Russell"", ""On"": ""1.000"", ""Off"": ""1.000"", ""On-Off"": ""0.000"", ""MinutesOn"": 104, ""MinutesOff"": 65}, {""Name"": ""Azurá Stevens"", ""On"": ""0.550"", ""Off"": ""0.688"", ""On-Off"": ""-0.138"", ""MinutesOn"": 313, ""MinutesOff"": 927}, {""Name"": ""Rae Burrell"", ""On"": ""0.833"", ""Off"": ""0.567"", ""On-Off"": ""0.267"", ""MinutesOn"": 112, ""MinutesOff"": 412}, {""Name"": ""Grace Berger"", ""On"": ""0.000"", ""Off"": ""0.000"", ""On-Off"": ""0.000"", ""MinutesOn"": 16, ""MinutesOff"": 0}, {""Name"": ""Julie Vanloo"", ""On"": ""0.000"", ""Off"": ""0.000"", ""On-Off"": ""0.000"", ""MinutesOn"": 67, ""MinutesOff"": 202}, {""Name"": ""Cameron Brink"", ""On"": ""0.750"", ""Off"": ""0.562"", ""On-Off"": ""0.188"", ""MinutesOn"": 40, ""MinutesOff"": 210}, {""Name"": ""Rickea Jackson"", ""On"": ""0.455"", ""Off"": ""0.724"", ""On-Off"": ""-0.269"", ""MinutesOn"": 158, ""MinutesOff"": 1009}, {""Name"": ""Alissa Pili"", ""On"": ""1.000"", ""Off"": ""0.000"", ""On-Off"": ""1.000"", ""MinutesOn"": 16, ""MinutesOff"": 2}, {""Name"": ""Sania Feagin"", ""On"": ""1.000"", ""Off"": ""0.500"", ""On-Off"": ""0.500"", ""MinutesOn"": 49, ""MinutesOff"": 27}, {""Name"": ""Liatu King"", ""On"": ""0.500"", ""Off"": ""0.800"", ""On-Off"": ""-0.300"", ""MinutesOn"": 34, ""MinutesOff"": 86}]","[{""Name"": ""Shey Peddy"", ""On"": ""0.111"", ""Off"": ""0.200"", ""On-Off"": ""-0.089"", ""MinutesOn"": 44, ""MinutesOff"": 94}, {""Name"": ""Odyssey Sims"", ""On"": ""0.408"", ""Off"": ""0.340"", ""On-Off"": ""0.068"", ""MinutesOn"": 147, ""MinutesOff"": 202}, {""Name"": ""Dearica Hamby"", ""On"": ""0.329"", ""Off"": ""0.249"", ""On-Off"": ""0.080"", ""MinutesOn"": 312, ""MinutesOff"": 1053}, {""Name"": ""Julie Allemand"", ""On"": ""0.000"", ""Off"": ""0.050"", ""On-Off"": ""-0.050"", ""MinutesOn"": 112, ""MinutesOff"": 856}, {""Name"": ""Emma Cannon"", ""On"": ""0.071"", ""Off"": ""0.143"", ""On-Off"": ""-0.071"", ""MinutesOn"": 117, ""MinutesOff"": 96}, {""Name"": ""Kelsey Plum"", ""On"": ""0.252"", ""Off"": ""0.282"", ""On-Off"": ""-0.030"", ""MinutesOn"": 302, ""MinutesOff"": 1206}, {""Name"": ""Mercedes Russell"", ""On"": ""0.571"", ""Off"": ""0.538"", ""On-Off"": ""0.033"", ""MinutesOn"": 104, ""MinutesOff"": 65}, {""Name"": ""Azurá Stevens"", ""On"": ""0.250"", ""Off"": ""0.129"", ""On-Off"": ""0.121"", ""MinutesOn"": 313, ""MinutesOff"": 927}, {""Name"": ""Rae Burrell"", ""On"": ""0.250"", ""Off"": ""0.215"", ""On-Off"": ""0.035"", ""MinutesOn"": 112, ""MinutesOff"": 412}, {""Name"": ""Grace Berger"", ""On"": ""0.000"", ""Off"": ""0.000"", ""On-Off"": ""0.000"", ""MinutesOn"": 16, ""MinutesOff"": 0}, {""Name"": ""Julie Vanloo"", ""On"": ""0.000"", ""Off"": ""0.022"", ""On-Off"": ""-0.022"", ""MinutesOn"": 67, ""MinutesOff"": 202}, {""Name"": ""Cameron Brink"", ""On"": ""0.250"", ""Off"": ""0.197"", ""On-Off"": ""0.053"", ""MinutesOn"": 40, ""MinutesOff"": 210}, {""Name"": ""Rickea Jackson"", ""On"": ""0.268"", ""Off"": ""0.257"", ""On-Off"": ""0.010"", ""MinutesOn"": 158, ""MinutesOff"": 1009}, {""Name"": ""Alissa Pili"", ""On"": ""0.000"", ""Off"": ""0.000"", ""On-Off"": ""0.000"", ""MinutesOn"": 16, ""MinutesOff"": 2}, {""Name"": ""Sania Feagin"", ""On"": ""0.421"", ""Off"": ""0.444"", ""On-Off"": ""-0.023"", ""MinutesOn"": 49, ""MinutesOff"": 27}, {""Name"": ""Liatu King"", ""On"": ""0.500"", ""Off"": ""0.375"", ""On-Off"": ""0.125"", ""MinutesOn"": 34, ""MinutesOff"": 86}]","[{""Name"": ""Shey Peddy"", ""On"": ""1.000"", ""Off"": ""0.000"", ""On-Off"": ""1.000"", ""MinutesOn"": 44, ""MinutesOff"": 94}, {""Name"": ""Odyssey Sims"", ""On"": ""0.400"", ""Off"": ""0.438"", ""On-Off"": ""-0.037"", ""MinutesOn"": 147, ""MinutesOff"": 202}, {""Name"": ""Dearica Hamby"", ""On"": ""0.370"", ""Off"": ""0.349"", ""On-Off"": ""0.021"", ""MinutesOn"": 312, ""MinutesOff"": 1053}, {""Name"": ""Julie Allemand"", ""On"": ""0.000"", ""Off"": ""0.571"", ""On-Off"": ""-0.571"", ""MinutesOn"": 112, ""MinutesOff"": 856}, {""Name"": ""Emma Cannon"", ""On"": ""1.000"", ""Off"": ""0.400"", ""On-Off"": ""0.600"", ""MinutesOn"": 117, ""MinutesOff"": 96}, {""Name"": ""Kelsey Plum"", ""On"": ""0.361"", ""Off"": ""0.396"", ""On-Off"": ""-0.034"", ""MinutesOn"": 302, ""MinutesOff"": 1206}, {""Name"": ""Mercedes Russell"", ""On"": ""0.500"", ""Off"": ""0.429"", ""On-Off"": ""0.071"", ""MinutesOn"": 104, ""MinutesOff"": 65}, {""Name"": ""Azurá Stevens"", ""On"": ""0.481"", ""Off"": ""0.317"", ""On-Off"": ""0.164"", ""MinutesOn"": 313, ""MinutesOff"": 927}, {""Name"": ""Rae Burrell"", ""On"": ""0.250"", ""Off"": ""0.357"", ""On-Off"": ""-0.107"", ""MinutesOn"": 112, ""MinutesOff"": 412}, {""Name"": ""Grace Berger"", ""On"": ""0.000"", ""Off"": ""0.000"", ""On-Off"": ""0.000"", ""MinutesOn"": 16, ""MinutesOff"": 0}, {""Name"": ""Julie Vanloo"", ""On"": ""0.000"", ""Off"": ""0.000"", ""On-Off"": ""0.000"", ""MinutesOn"": 67, ""MinutesOff"": 202}, {""Name"": ""Cameron Brink"", ""On"": ""0.250"", ""Off"": ""0.308"", ""On-Off"": ""-0.058"", ""MinutesOn"": 40, ""MinutesOff"": 210}, {""Name"": ""Rickea Jackson"", ""On"": ""0.263"", ""Off"": ""0.321"", ""On-Off"": ""-0.058"", ""MinutesOn"": 158, ""MinutesOff"": 1009}, {""Name"": ""Alissa Pili"", ""On"": ""0.000"", ""Off"": ""0.000"", ""On-Off"": ""0.000"", ""MinutesOn"": 16, ""MinutesOff"": 2}, {""Name"": ""Sania Feagin"", ""On"": ""0.125"", ""Off"": ""0.000"", ""On-Off"": ""0.125"", ""MinutesOn"": 49, ""MinutesOff"": 27}, {""Name"": ""Liatu King"", ""On"": ""0.500"", ""Off"": ""0.333"", ""On-Off"": ""0.167"", ""MinutesOn"": 34, ""MinutesOff"": 86}]","[{""Name"": ""Shey Peddy"", ""On"": ""0.000"", ""Off"": ""0.000"", ""On-Off"": ""0.000"", ""MinutesOn"": 44, ""MinutesOff"": 94}, {""Name"": ""Odyssey Sims"", ""On"": ""0.375"", ""Off"": ""0.143"", ""On-Off"": ""0.232"", ""MinutesOn"": 147, ""MinutesOff"": 202}, {""Name"": ""Dearica Hamby"", ""On"": ""0.824"", ""Off"": ""0.649"", ""On-Off"": ""0.175"", ""MinutesOn"": 312, ""MinutesOff"": 1053}, {""Name"": ""Julie Allemand"", ""On"": ""0.000"", ""Off"": ""0.500"", ""On-Off"": ""-0.500"", ""MinutesOn"": 112, ""MinutesOff"": 856}, {""Name"": ""Emma Cannon"", ""On"": ""1.000"", ""Off"": ""1.000"", ""On-Off"": ""0.000"", ""MinutesOn"": 117, ""MinutesOff"": 96}, {""Name"": ""Kelsey Plum"", ""On"": ""0.385"", ""Off"": ""0.245"", ""On-Off"": ""0.139"", ""MinutesOn"": 302, ""MinutesOff"": 1206}, {""Name"": ""Mercedes Russell"", ""On"": ""1.000"", ""Off"": ""0.667"", ""On-Off"": ""0.333"", ""MinutesOn"": 104, ""MinutesOff"": 65}, {""Name"": ""Azurá Stevens"", ""On"": ""0.769"", ""Off"": ""0.615"", ""On-Off"": ""0.154"", ""MinutesOn"": 313, ""MinutesOff"": 927}, {""Name"": ""Rae Burrell"", ""On"": ""1.000"", ""Off"": ""0.700"", ""On-Off"": ""0.300"", ""MinutesOn"": 112, ""MinutesOff"": 412}, {""Name"": ""Grace Berger"", ""On"": ""0.000"", ""Off"": ""0.000"", ""On-Off"": ""0.000"", ""MinutesOn"": 16, ""MinutesOff"": 0}, {""Name"": ""Julie Vanloo"", ""On"": ""0.000"", ""Off"": ""0.000"", ""On-Off"": ""0.000"", ""MinutesOn"": 67, ""MinutesOff"": 202}, {""Name"": ""Cameron Brink"", ""On"": ""1.000"", ""Off"": ""0.500"", ""On-Off"": ""0.500"", ""MinutesOn"": 40, ""MinutesOff"": 210}, {""Name"": ""Rickea Jackson"", ""On"": ""0.600"", ""Off"": ""0.559"", ""On-Off"": ""0.041"", ""MinutesOn"": 158, ""MinutesOff"": 1009}, {""Name"": ""Alissa Pili"", ""On"": ""0.000"", ""Off"": ""0.000"", ""On-Off"": ""0.000"", ""MinutesOn"": 16, ""MinutesOff"": 2}, {""Name"": ""Sania Feagin"", ""On"": ""1.000"", ""Off"": ""0.000"", ""On-Off"": ""1.000"", ""MinutesOn"": 49, ""MinutesOff"": 27}, {""Name"": ""Liatu King"", ""On"": ""1.000"", ""Off"": ""1.000"", ""On-Off"": ""0.000"", ""MinutesOn"": 34, ""MinutesOff"": 86}]","[{""Name"": ""Shey Peddy"", ""On"": ""0.111"", ""Off"": ""0.067"", ""On-Off"": ""0.044"", ""MinutesOn"": 44, ""MinutesOff"": 94}, {""Name"": ""Odyssey Sims"", ""On"": ""0.061"", ""Off"": ""0.021"", ""On-Off"": ""0.040"", ""MinutesOn"": 147, ""MinutesOff"": 202}, {""Name"": ""Dearica Hamby"", ""On"": ""0.000"", ""Off"": ""0.002"", ""On-Off"": ""-0.002"", ""MinutesOn"": 312, ""MinutesOff"": 1053}, {""Name"": ""Julie Allemand"", ""On"": ""0.000"", ""Off"": ""0.022"", ""On-Off"": ""-0.022"", ""MinutesOn"": 112, ""MinutesOff"": 856}, {""Name"": ""Emma Cannon"", ""On"": ""0.071"", ""Off"": ""0.057"", ""On-Off"": ""0.014"", ""MinutesOn"": 117, ""MinutesOff"": 96}, {""Name"": ""Kelsey Plum"", ""On"": ""0.070"", ""Off"": ""0.044"", ""On-Off"": ""0.026"", ""MinutesOn"": 302, ""MinutesOff"": 1206}, {""Name"": ""Mercedes Russell"", ""On"": ""0.071"", ""Off"": ""0.077"", ""On-Off"": ""-0.005"", ""MinutesOn"": 104, ""MinutesOff"": 65}, {""Name"": ""Azurá Stevens"", ""On"": ""0.056"", ""Off"": ""0.034"", ""On-Off"": ""0.021"", ""MinutesOn"": 313, ""MinutesOff"": 927}, {""Name"": ""Rae Burrell"", ""On"": ""0.021"", ""Off"": ""0.008"", ""On-Off"": ""0.013"", ""MinutesOn"": 112, ""MinutesOff"": 412}, {""Name"": ""Grace Berger"", ""On"": ""0.250"", ""Off"": ""0.000"", ""On-Off"": ""0.250"", ""MinutesOn"": 16, ""MinutesOff"": 0}, {""Name"": ""Julie Vanloo"", ""On"": ""0.000"", ""Off"": ""0.067"", ""On-Off"": ""-0.067"", ""MinutesOn"": 67, ""MinutesOff"": 202}, {""Name"": ""Cameron Brink"", ""On"": ""0.062"", ""Off"": ""0.045"", ""On-Off"": ""0.017"", ""MinutesOn"": 40, ""MinutesOff"": 210}, {""Name"": ""Rickea Jackson"", ""On"": ""0.070"", ""Off"": ""0.078"", ""On-Off"": ""-0.007"", ""MinutesOn"": 158, ""MinutesOff"": 1009}, {""Name"": ""Alissa Pili"", ""On"": ""0.000"", ""Off"": ""0.000"", ""On-Off"": ""0.000"", ""MinutesOn"": 16, ""MinutesOff"": 2}, {""Name"": ""Sania Feagin"", ""On"": ""0.000"", ""Off"": ""0.000"", ""On-Off"": ""0.000"", ""MinutesOn"": 49, ""MinutesOff"": 27}, {""Name"": ""Liatu King"", ""On"": ""0.125"", ""Off"": ""0.000"", ""On-Off"": ""0.125"", ""MinutesOn"": 34, ""MinutesOff"": 86}]","[{""Name"": ""Shey Peddy"", ""On"": ""0.000"", ""Off"": ""1.000"", ""On-Off"": ""-1.000"", ""MinutesOn"": 44, ""MinutesOff"": 94}, {""Name"": ""Odyssey Sims"", ""On"": ""0.000"", ""Off"": ""0.000"", ""On-Off"": ""0.000"", ""MinutesOn"": 147, ""MinutesOff"": 202}, {""Name"": ""Dearica Hamby"", ""On"": ""0.000"", ""Off"": ""1.000"", ""On-Off"": ""-1.000"", ""MinutesOn"": 312, ""MinutesOff"": 1053}, {""Name"": ""Julie Allemand"", ""On"": ""0.000"", ""Off"": ""0.333"", ""On-Off"": ""-0.333"", ""MinutesOn"": 112, ""MinutesOff"": 856}, {""Name"": ""Emma Cannon"", ""On"": ""0.000"", ""Off"": ""0.000"", ""On-Off"": ""0.000"", ""MinutesOn"": 117, ""MinutesOff"": 96}, {""Name"": ""Kelsey Plum"", ""On"": ""0.600"", ""Off"": ""0.238"", ""On-Off"": ""0.362"", ""MinutesOn"": 302, ""MinutesOff"": 1206}, {""Name"": ""Mercedes Russell"", ""On"": ""0.000"", ""Off"": ""0.000"", ""On-Off"": ""0.000"", ""MinutesOn"": 104, ""MinutesOff"": 65}, {""Name"": ""Azurá Stevens"", ""On"": ""0.167"", ""Off"": ""0.545"", ""On-Off"": ""-0.379"", ""MinutesOn"": 313, ""MinutesOff"": 927}, {""Name"": ""Rae Burrell"", ""On"": ""0.000"", ""Off"": ""0.000"", ""On-Off"": ""0.000"", ""MinutesOn"": 112, ""MinutesOff"": 412}, {""Name"": ""Grace Berger"", ""On"": ""0.000"", ""Off"": ""0.000"", ""On-Off"": ""0.000"", ""MinutesOn"": 16, ""MinutesOff"": 0}, {""Name"": ""Julie Vanloo"", ""On"": ""0.000"", ""Off"": ""0.000"", ""On-Off"": ""0.000"", ""MinutesOn"": 67, ""MinutesOff"": 202}, {""Name"": ""Cameron Brink"", ""On"": ""0.000"", ""Off"": ""0.000"", ""On-Off"": ""0.000"", ""MinutesOn"": 40, ""MinutesOff"": 210}, {""Name"": ""Rickea Jackson"", ""On"": ""0.200"", ""Off"": ""0.406"", ""On-Off"": ""-0.206"", ""MinutesOn"": 158, ""MinutesOff"": 1009}, {""Name"": ""Alissa Pili"", ""On"": ""0.000"", ""Off"": ""0.000"", ""On-Off"": ""0.000"", ""MinutesOn"": 16, ""MinutesOff"": 2}, {""Name"": ""Sania Feagin"", ""On"": ""0.000"", ""Off"": ""0.000"", ""On-Off"": ""0.000"", ""MinutesOn"": 49, ""MinutesOff"": 27}, {""Name"": ""Liatu King"", ""On"": ""0.000"", ""Off"": ""0.000"", ""On-Off"": ""0.000"", ""MinutesOn"": 34, ""MinutesOff"": 86}]","[{""Name"": ""Shey Peddy"", ""On"": ""0.000"", ""Off"": ""1.000"", ""On-Off"": ""-1.000"", ""MinutesOn"": 44, ""MinutesOff"": 94}, {""Name"": ""Odyssey Sims"", ""On"": ""0.000"", ""Off"": ""0.000"", ""On-Off"": ""0.000"", ""MinutesOn"": 147, ""MinutesOff"": 202}, {""Name"": ""Dearica Hamby"", ""On"": ""0.000"", ""Off"": ""1.000"", ""On-Off"": ""-1.000"", ""MinutesOn"": 312, ""MinutesOff"": 1053}, {""Name"": ""Julie Allemand"", ""On"": ""0.000"", ""Off"": ""1.000"", ""On-Off"": ""-1.000"", ""MinutesOn"": 112, ""MinutesOff"": 856}, {""Name"": ""Emma Cannon"", ""On"": ""0.000"", ""Off"": ""0.000"", ""On-Off"": ""0.000"", ""MinutesOn"": 117, ""MinutesOff"": 96}, {""Name"": ""Kelsey Plum"", ""On"": ""0.167"", ""Off"": ""0.400"", ""On-Off"": ""-0.233"", ""MinutesOn"": 302, ""MinutesOff"": 1206}, {""Name"": ""Mercedes Russell"", ""On"": ""0.000"", ""Off"": ""0.000"", ""On-Off"": ""0.000"", ""MinutesOn"": 104, ""MinutesOff"": 65}, {""Name"": ""Azurá Stevens"", ""On"": ""1.000"", ""Off"": ""0.667"", ""On-Off"": ""0.333"", ""MinutesOn"": 313, ""MinutesOff"": 927}, {""Name"": ""Rae Burrell"", ""On"": ""0.000"", ""Off"": ""0.000"", ""On-Off"": ""0.000"", ""MinutesOn"": 112, ""MinutesOff"": 412}, {""Name"": ""Grace Berger"", ""On"": ""0.000"", ""Off"": ""0.000"", ""On-Off"": ""0.000"", ""MinutesOn"": 16, ""MinutesOff"": 0}, {""Name"": ""Julie Vanloo"", ""On"": ""0.000"", ""Off"": ""0.000"", ""On-Off"": ""0.000"", ""MinutesOn"": 67, ""MinutesOff"": 202}, {""Name"": ""Cameron Brink"", ""On"": ""0.000"", ""Off"": ""0.000"", ""On-Off"": ""0.000"", ""MinutesOn"": 40, ""MinutesOff"": 210}, {""Name"": ""Rickea Jackson"", ""On"": ""1.000"", ""Off"": ""0.385"", ""On-Off"": ""0.615"", ""MinutesOn"": 158, ""MinutesOff"": 1009}, {""Name"": ""Alissa Pili"", ""On"": ""0.000"", ""Off"": ""0.000"", ""On-Off"": ""0.000"", ""MinutesOn"": 16, ""MinutesOff"": 2}, {""Name"": ""Sania Feagin"", ""On"": ""0.000"", ""Off"": ""0.000"", ""On-Off"": ""0.000"", ""MinutesOn"": 49, ""MinutesOff"": 27}, {""Name"": ""Liatu King"", ""On"": ""0.000"", ""Off"": ""0.000"", ""On-Off"": ""0.000"", ""MinutesOn"": 34, ""MinutesOff"": 86}]","[{""Name"": ""Shey Peddy"", ""On"": ""0.111"", ""Off"": ""0.400"", ""On-Off"": ""-0.289"", ""MinutesOn"": 44, ""MinutesOff"": 94}, {""Name"": ""Odyssey Sims"", ""On"": ""0.102"", ""Off"": ""0.170"", ""On-Off"": ""-0.068"", ""MinutesOn"": 147, ""MinutesOff"": 202}, {""Name"": ""Dearica Hamby"", ""On"": ""0.021"", ""Off"": ""0.012"", ""On-Off"": ""0.010"", ""MinutesOn"": 312, ""MinutesOff"": 1053}, {""Name"": ""Julie Allemand"", ""On"": ""0.200"", ""Off"": ""0.122"", ""On-Off"": ""0.078"", ""MinutesOn"": 112, ""MinutesOff"": 856}, {""Name"": ""Emma Cannon"", ""On"": ""0.107"", ""Off"": ""0.143"", ""On-Off"": ""-0.036"", ""MinutesOn"": 117, ""MinutesOff"": 96}, {""Name"": ""Kelsey Plum"", ""On"": ""0.035"", ""Off"": ""0.078"", ""On-Off"": ""-0.043"", ""MinutesOn"": 302, ""MinutesOff"": 1206}, {""Name"": ""Mercedes Russell"", ""On"": ""0.000"", ""Off"": ""0.000"", ""On-Off"": ""0.000"", ""MinutesOn"": 104, ""MinutesOff"": 65}, {""Name"": ""Azurá Stevens"", ""On"": ""0.074"", ""Off"": ""0.144"", ""On-Off"": ""-0.070"", ""MinutesOn"": 313, ""MinutesOff"": 927}, {""Name"": ""Rae Burrell"", ""On"": ""0.125"", ""Off"": ""0.108"", ""On-Off"": ""0.017"", ""MinutesOn"": 112, ""MinutesOff"": 412}, {""Name"": ""Grace Berger"", ""On"": ""0.000"", ""Off"": ""0.000"", ""On-Off"": ""0.000"", ""MinutesOn"": 16, ""MinutesOff"": 0}, {""Name"": ""Julie Vanloo"", ""On"": ""0.056"", ""Off"": ""0.089"", ""On-Off"": ""-0.033"", ""MinutesOn"": 67, ""MinutesOff"": 202}, {""Name"": ""Cameron Brink"", ""On"": ""0.188"", ""Off"": ""0.197"", ""On-Off"": ""-0.009"", ""MinutesOn"": 40, ""MinutesOff"": 210}, {""Name"": ""Rickea Jackson"", ""On"": ""0.169"", ""Off"": ""0.097"", ""On-Off"": ""0.072"", ""MinutesOn"": 158, ""MinutesOff"": 1009}, {""Name"": ""Alissa Pili"", ""On"": ""0.000"", ""Off"": ""0.000"", ""On-Off"": ""0.000"", ""MinutesOn"": 16, ""MinutesOff"": 2}, {""Name"": ""Sania Feagin"", ""On"": ""0.000"", ""Off"": ""0.000"", ""On-Off"": ""0.000"", ""MinutesOn"": 49, ""MinutesOff"": 27}, {""Name"": ""Liatu King"", ""On"": ""0.125"", ""Off"": ""0.125"", ""On-Off"": ""0.000"", ""MinutesOn"": 34, ""MinutesOff"": 86}]","[{""Name"": ""Shey Peddy"", ""On"": ""0.000"", ""Off"": ""0.500"", ""On-Off"": ""-0.500"", ""MinutesOn"": 44, ""MinutesOff"": 94}, {""Name"": ""Odyssey Sims"", ""On"": ""0.000"", ""Off"": ""0.250"", ""On-Off"": ""-0.250"", ""MinutesOn"": 147, ""MinutesOff"": 202}, {""Name"": ""Dearica Hamby"", ""On"": ""0.000"", ""Off"": ""0.200"", ""On-Off"": ""-0.200"", ""MinutesOn"": 312, ""MinutesOff"": 1053}, {""Name"": ""Julie Allemand"", ""On"": ""0.500"", ""Off"": ""0.118"", ""On-Off"": ""0.382"", ""MinutesOn"": 112, ""MinutesOff"": 856}, {""Name"": ""Emma Cannon"", ""On"": ""0.333"", ""Off"": ""0.600"", ""On-Off"": ""-0.267"", ""MinutesOn"": 117, ""MinutesOff"": 96}, {""Name"": ""Kelsey Plum"", ""On"": ""0.600"", ""Off"": ""0.486"", ""On-Off"": ""0.114"", ""MinutesOn"": 302, ""MinutesOff"": 1206}, {""Name"": ""Mercedes Russell"", ""On"": ""0.000"", ""Off"": ""0.000"", ""On-Off"": ""0.000"", ""MinutesOn"": 104, ""MinutesOff"": 65}, {""Name"": ""Azurá Stevens"", ""On"": ""0.375"", ""Off"": ""0.413"", ""On-Off"": ""-0.038"", ""MinutesOn"": 313, ""MinutesOff"": 927}, {""Name"": ""Rae Burrell"", ""On"": ""0.500"", ""Off"": ""0.214"", ""On-Off"": ""0.286"", ""MinutesOn"": 112, ""MinutesOff"": 412}, {""Name"": ""Grace Berger"", ""On"": ""0.000"", ""Off"": ""0.000"", ""On-Off"": ""0.000"", ""MinutesOn"": 16, ""MinutesOff"": 0}, {""Name"": ""Julie Vanloo"", ""On"": ""0.000"", ""Off"": ""0.750"", ""On-Off"": ""-0.750"", ""MinutesOn"": 67, ""MinutesOff"": 202}, {""Name"": ""Cameron Brink"", ""On"": ""0.000"", ""Off"": ""0.308"", ""On-Off"": ""-0.308"", ""MinutesOn"": 40, ""MinutesOff"": 210}, {""Name"": ""Rickea Jackson"", ""On"": ""0.167"", ""Off"": ""0.400"", ""On-Off"": ""-0.233"", ""MinutesOn"": 158, ""MinutesOff"": 1009}, {""Name"": ""Alissa Pili"", ""On"": ""0.000"", ""Off"": ""0.000"", ""On-Off"": ""0.000"", ""MinutesOn"": 16, ""MinutesOff"": 2}, {""Name"": ""Sania Feagin"", ""On"": ""0.000"", ""Off"": ""0.000"", ""On-Off"": ""0.000"", ""MinutesOn"": 49, ""MinutesOff"": 27}, {""Name"": ""Liatu King"", ""On"": ""0.000"", ""Off"": ""0.000"", ""On-Off"": ""0.000"", ""MinutesOn"": 34, ""MinutesOff"": 86}]","[{""Name"": ""Shey Peddy"", ""On"": ""0.000"", ""Off"": ""1.000"", ""On-Off"": ""-1.000"", ""MinutesOn"": 44, ""MinutesOff"": 94}, {""Name"": ""Odyssey Sims"", ""On"": ""0.000"", ""Off"": ""1.000"", ""On-Off"": ""-1.000"", ""MinutesOn"": 147, ""MinutesOff"": 202}, {""Name"": ""Dearica Hamby"", ""On"": ""0.000"", ""Off"": ""1.000"", ""On-Off"": ""-1.000"", ""MinutesOn"": 312, ""MinutesOff"": 1053}, {""Name"": ""Julie Allemand"", ""On"": ""1.000"", ""Off"": ""1.000"", ""On-Off"": ""0.000"", ""MinutesOn"": 112, ""MinutesOff"": 856}, {""Name"": ""Emma Cannon"", ""On"": ""1.000"", ""Off"": ""1.000"", ""On-Off"": ""0.000"", ""MinutesOn"": 117, ""MinutesOff"": 96}, {""Name"": ""Kelsey Plum"", ""On"": ""0.667"", ""Off"": ""0.778"", ""On-Off"": ""-0.111"", ""MinutesOn"": 302, ""MinutesOff"": 1206}, {""Name"": ""Mercedes Russell"", ""On"": ""0.000"", ""Off"": ""0.000"", ""On-Off"": ""0.000"", ""MinutesOn"": 104, ""MinutesOff"": 65}, {""Name"": ""Azurá Stevens"", ""On"": ""1.000"", ""Off"": ""1.000"", ""On-Off"": ""0.000"", ""MinutesOn"": 313, ""MinutesOff"": 927}, {""Name"": ""Rae Burrell"", ""On"": ""1.000"", ""Off"": ""1.000"", ""On-Off"": ""0.000"", ""MinutesOn"": 112, ""MinutesOff"": 412}, {""Name"": ""Grace Berger"", ""On"": ""0.000"", ""Off"": ""0.000"", ""On-Off"": ""0.000"", ""MinutesOn"": 16, ""MinutesOff"": 0}, {""Name"": ""Julie Vanloo"", ""On"": ""0.000"", ""Off"": ""1.000"", ""On-Off"": ""-1.000"", ""MinutesOn"": 67, ""MinutesOff"": 202}, {""Name"": ""Cameron Brink"", ""On"": ""0.000"", ""Off"": ""1.000"", ""On-Off"": ""-1.000"", ""MinutesOn"": 40, ""MinutesOff"": 210}, {""Name"": ""Rickea Jackson"", ""On"": ""1.000"", ""Off"": ""1.000"", ""On-Off"": ""0.000"", ""MinutesOn"": 158, ""MinutesOff"": 1009}, {""Name"": ""Alissa Pili"", ""On"": ""0.000"", ""Off"": ""0.000"", ""On-Off"": ""0.000"", ""MinutesOn"": 16, ""MinutesOff"": 2}, {""Name"": ""Sania Feagin"", ""On"": ""0.000"", ""Off"": ""0.000"", ""On-Off"": ""0.000"", ""MinutesOn"": 49, ""MinutesOff"": 27}, {""Name"": ""Liatu King"", ""On"": ""0.000"", ""Off"": ""0.000"", ""On-Off"": ""0.000"", ""MinutesOn"": 34, ""MinutesOff"": 86}]","[{""Name"": ""Shey Peddy"", ""On"": ""0.222"", ""Off"": ""0.267"", ""On-Off"": ""-0.044"", ""MinutesOn"": 44, ""MinutesOff"": 94}, {""Name"": ""Odyssey Sims"", ""On"": ""0.245"", ""Off"": ""0.191"", ""On-Off"": ""0.053"", ""MinutesOn"": 147, ""MinutesOff"": 202}, {""Name"": ""Dearica Hamby"", ""On"": ""0.079"", ""Off"": ""0.082"", ""On-Off"": ""-0.004"", ""MinutesOn"": 312, ""MinutesOff"": 1053}, {""Name"": ""Julie Allemand"", ""On"": ""0.450"", ""Off"": ""0.511"", ""On-Off"": ""-0.061"", ""MinutesOn"": 112, ""MinutesOff"": 856}, {""Name"": ""Emma Cannon"", ""On"": ""0.500"", ""Off"": ""0.400"", ""On-Off"": ""0.100"", ""MinutesOn"": 117, ""MinutesOff"": 96}, {""Name"": ""Kelsey Plum"", ""On"": ""0.378"", ""Off"": ""0.385"", ""On-Off"": ""-0.008"", ""MinutesOn"": 302, ""MinutesOff"": 1206}, {""Name"": ""Mercedes Russell"", ""On"": ""0.000"", ""Off"": ""0.000"", ""On-Off"": ""0.000"", ""MinutesOn"": 104, ""MinutesOff"": 65}, {""Name"": ""Azurá Stevens"", ""On"": ""0.296"", ""Off"": ""0.339"", ""On-Off"": ""-0.042"", ""MinutesOn"": 313, ""MinutesOff"": 927}, {""Name"": ""Rae Burrell"", ""On"": ""0.229"", ""Off"": ""0.277"", ""On-Off"": ""-0.048"", ""MinutesOn"": 112, ""MinutesOff"": 412}, {""Name"": ""Grace Berger"", ""On"": ""0.500"", ""Off"": ""0.000"", ""On-Off"": ""0.500"", ""MinutesOn"": 16, ""MinutesOff"": 0}, {""Name"": ""Julie Vanloo"", ""On"": ""0.667"", ""Off"": ""0.822"", ""On-Off"": ""-0.156"", ""MinutesOn"": 67, ""MinutesOff"": 202}, {""Name"": ""Cameron Brink"", ""On"": ""0.188"", ""Off"": ""0.227"", ""On-Off"": ""-0.040"", ""MinutesOn"": 40, ""MinutesOff"": 210}, {""Name"": ""Rickea Jackson"", ""On"": ""0.268"", ""Off"": ""0.282"", ""On-Off"": ""-0.014"", ""MinutesOn"": 158, ""MinutesOff"": 1009}, {""Name"": ""Alissa Pili"", ""On"": ""0.167"", ""Off"": ""0.000"", ""On-Off"": ""0.167"", ""MinutesOn"": 16, ""MinutesOff"": 2}, {""Name"": ""Sania Feagin"", ""On"": ""0.211"", ""Off"": ""0.000"", ""On-Off"": ""0.211"", ""MinutesOn"": 49, ""MinutesOff"": 27}, {""Name"": ""Liatu King"", ""On"": ""0.000"", ""Off"": ""0.188"", ""On-Off"": ""-0.188"", ""MinutesOn"": 34, ""MinutesOff"": 86}]","[{""Name"": ""Shey Peddy"", ""On"": ""0.500"", ""Off"": ""0.250"", ""On-Off"": ""0.250"", ""MinutesOn"": 44, ""MinutesOff"": 94}, {""Name"": ""Odyssey Sims"", ""On"": ""0.417"", ""Off"": ""0.556"", ""On-Off"": ""-0.139"", ""MinutesOn"": 147, ""MinutesOff"": 202}, {""Name"": ""Dearica Hamby"", ""On"": ""0.455"", ""Off"": ""0.257"", ""On-Off"": ""0.197"", ""MinutesOn"": 312, ""MinutesOff"": 1053}, {""Name"": ""Julie Allemand"", ""On"": ""0.444"", ""Off"": ""0.282"", ""On-Off"": ""0.163"", ""MinutesOn"": 112, ""MinutesOff"": 856}, {""Name"": ""Emma Cannon"", ""On"": ""0.357"", ""Off"": ""0.357"", ""On-Off"": ""0.000"", ""MinutesOn"": 117, ""MinutesOff"": 96}, {""Name"": ""Kelsey Plum"", ""On"": ""0.222"", ""Off"": ""0.361"", ""On-Off"": ""-0.138"", ""MinutesOn"": 302, ""MinutesOff"": 1206}, {""Name"": ""Mercedes Russell"", ""On"": ""0.000"", ""Off"": ""0.000"", ""On-Off"": ""0.000"", ""MinutesOn"": 104, ""MinutesOff"": 65}, {""Name"": ""Azurá Stevens"", ""On"": ""0.469"", ""Off"": ""0.343"", ""On-Off"": ""0.126"", ""MinutesOn"": 313, ""MinutesOff"": 927}, {""Name"": ""Rae Burrell"", ""On"": ""0.273"", ""Off"": ""0.361"", ""On-Off"": ""-0.088"", ""MinutesOn"": 112, ""MinutesOff"": 412}, {""Name"": ""Grace Berger"", ""On"": ""0.000"", ""Off"": ""0.000"", ""On-Off"": ""0.000"", ""MinutesOn"": 16, ""MinutesOff"": 0}, {""Name"": ""Julie Vanloo"", ""On"": ""0.167"", ""Off"": ""0.324"", ""On-Off"": ""-0.158"", ""MinutesOn"": 67, ""MinutesOff"": 202}, {""Name"": ""Cameron Brink"", ""On"": ""0.000"", ""Off"": ""0.400"", ""On-Off"": ""-0.400"", ""MinutesOn"": 40, ""MinutesOff"": 210}, {""Name"": ""Rickea Jackson"", ""On"": ""0.316"", ""Off"": ""0.353"", ""On-Off"": ""-0.038"", ""MinutesOn"": 158, ""MinutesOff"": 1009}, {""Name"": ""Alissa Pili"", ""On"": ""0.000"", ""Off"": ""0.000"", ""On-Off"": ""0.000"", ""MinutesOn"": 16, ""MinutesOff"": 2}, {""Name"": ""Sania Feagin"", ""On"": ""0.000"", ""Off"": ""0.000"", ""On-Off"": ""0.000"", ""MinutesOn"": 49, ""MinutesOff"": 27}, {""Name"": ""Liatu King"", ""On"": ""0.000"", ""Off"": ""0.333"", ""On-Off"": ""-0.333"", ""MinutesOn"": 34, ""MinutesOff"": 86}]","[{""Name"": ""Shey Peddy"", ""On"": ""1.000"", ""Off"": ""1.000"", ""On-Off"": ""0.000"", ""MinutesOn"": 44, ""MinutesOff"": 94}, {""Name"": ""Odyssey Sims"", ""On"": ""1.000"", ""Off"": ""1.000"", ""On-Off"": ""0.000"", ""MinutesOn"": 147, ""MinutesOff"": 202}, {""Name"": ""Dearica Hamby"", ""On"": ""1.000"", ""Off"": ""0.889"", ""On-Off"": ""0.111"", ""MinutesOn"": 312, ""MinutesOff"": 1053}, {""Name"": ""Julie Allemand"", ""On"": ""1.000"", ""Off"": ""0.850"", ""On-Off"": ""0.150"", ""MinutesOn"": 112, ""MinutesOff"": 856}, {""Name"": ""Emma Cannon"", ""On"": ""1.000"", ""Off"": ""0.800"", ""On-Off"": ""0.200"", ""MinutesOn"": 117, ""MinutesOff"": 96}, {""Name"": ""Kelsey Plum"", ""On"": ""0.417"", ""Off"": ""0.636"", ""On-Off"": ""-0.220"", ""MinutesOn"": 302, ""MinutesOff"": 1206}, {""Name"": ""Mercedes Russell"", ""On"": ""0.000"", ""Off"": ""0.000"", ""On-Off"": ""0.000"", ""MinutesOn"": 104, ""MinutesOff"": 65}, {""Name"": ""Azurá Stevens"", ""On"": ""1.000"", ""Off"": ""0.973"", ""On-Off"": ""0.027"", ""MinutesOn"": 313, ""MinutesOff"": 927}, {""Name"": ""Rae Burrell"", ""On"": ""0.667"", ""Off"": ""0.923"", ""On-Off"": ""-0.256"", ""MinutesOn"": 112, ""MinutesOff"": 412}, {""Name"": ""Grace Berger"", ""On"": ""0.000"", ""Off"": ""0.000"", ""On-Off"": ""0.000"", ""MinutesOn"": 16, ""MinutesOff"": 0}, {""Name"": ""Julie Vanloo"", ""On"": ""0.500"", ""Off"": ""1.000"", ""On-Off"": ""-0.500"", ""MinutesOn"": 67, ""MinutesOff"": 202}, {""Name"": ""Cameron Brink"", ""On"": ""0.000"", ""Off"": ""1.000"", ""On-Off"": ""-1.000"", ""MinutesOn"": 40, ""MinutesOff"": 210}, {""Name"": ""Rickea Jackson"", ""On"": ""0.667"", ""Off"": ""0.756"", ""On-Off"": ""-0.089"", ""MinutesOn"": 158, ""MinutesOff"": 1009}, {""Name"": ""Alissa Pili"", ""On"": ""0.000"", ""Off"": ""0.000"", ""On-Off"": ""0.000"", ""MinutesOn"": 16, ""MinutesOff"": 2}, {""Name"": ""Sania Feagin"", ""On"": ""0.000"", ""Off"": ""0.000"", ""On-Off"": ""0.000"", ""MinutesOn"": 49, ""MinutesOff"": 27}, {""Name"": ""Liatu King"", ""On"": ""0.000"", ""Off"": ""1.000"", ""On-Off"": ""-1.000"", ""MinutesOn"": 34, ""MinutesOff"": 86}]","[{""Name"": ""Shey Peddy"", ""On"": ""0.778"", ""Off"": ""0.733"", ""On-Off"": ""0.044"", ""MinutesOn"": 44, ""MinutesOff"": 94}, {""Name"": ""Odyssey Sims"", ""On"": ""0.531"", ""Off"": ""0.638"", ""On-Off"": ""-0.108"", ""MinutesOn"": 147, ""MinutesOff"": 202}, {""Name"": ""Dearica Hamby"", ""On"": ""0.671"", ""Off"": ""0.749"", ""On-Off"": ""-0.077"", ""MinutesOn"": 312, ""MinutesOff"": 1053}, {""Name"": ""Julie Allemand"", ""On"": ""1.000"", ""Off"": ""0.928"", ""On-Off"": ""0.072"", ""MinutesOn"": 112, ""MinutesOff"": 856}, {""Name"": ""Emma Cannon"", ""On"": ""0.857"", ""Off"": ""0.800"", ""On-Off"": ""0.057"", ""MinutesOn"": 117, ""MinutesOff"": 96}, {""Name"": ""Kelsey Plum"", ""On"": ""0.678"", ""Off"": ""0.674"", ""On-Off"": ""0.005"", ""MinutesOn"": 302, ""MinutesOff"": 1206}, {""Name"": ""Mercedes Russell"", ""On"": ""0.357"", ""Off"": ""0.385"", ""On-Off"": ""-0.027"", ""MinutesOn"": 104, ""MinutesOff"": 65}, {""Name"": ""Azurá Stevens"", ""On"": ""0.694"", ""Off"": ""0.837"", ""On-Off"": ""-0.143"", ""MinutesOn"": 313, ""MinutesOff"": 927}, {""Name"": ""Rae Burrell"", ""On"": ""0.729"", ""Off"": ""0.777"", ""On-Off"": ""-0.048"", ""MinutesOn"": 112, ""MinutesOff"": 412}, {""Name"": ""Grace Berger"", ""On"": ""0.750"", ""Off"": ""0.000"", ""On-Off"": ""0.750"", ""MinutesOn"": 16, ""MinutesOff"": 0}, {""Name"": ""Julie Vanloo"", ""On"": ""1.000"", ""Off"": ""0.911"", ""On-Off"": ""0.089"", ""MinutesOn"": 67, ""MinutesOff"": 202}, {""Name"": ""Cameron Brink"", ""On"": ""0.688"", ""Off"": ""0.758"", ""On-Off"": ""-0.070"", ""MinutesOn"": 40, ""MinutesOff"": 210}, {""Name"": ""Rickea Jackson"", ""On"": ""0.662"", ""Off"": ""0.665"", ""On-Off"": ""-0.003"", ""MinutesOn"": 158, ""MinutesOff"": 1009}, {""Name"": ""Alissa Pili"", ""On"": ""1.000"", ""Off"": ""0.000"", ""On-Off"": ""1.000"", ""MinutesOn"": 16, ""MinutesOff"": 2}, {""Name"": ""Sania Feagin"", ""On"": ""0.579"", ""Off"": ""0.556"", ""On-Off"": ""0.023"", ""MinutesOn"": 49, ""MinutesOff"": 27}, {""Name"": ""Liatu King"", ""On"": ""0.375"", ""Off"": ""0.625"", ""On-Off"": ""-0.250"", ""MinutesOn"": 34, ""MinutesOff"": 86}]","[{""Name"": ""Shey Peddy"", ""On"": ""0.500"", ""Off"": ""0.250"", ""On-Off"": ""0.250"", ""MinutesOn"": 44, ""MinutesOff"": 94}, {""Name"": ""Odyssey Sims"", ""On"": ""0.417"", ""Off"": ""0.556"", ""On-Off"": ""-0.139"", ""MinutesOn"": 147, ""MinutesOff"": 202}, {""Name"": ""Dearica Hamby"", ""On"": ""0.455"", ""Off"": ""0.273"", ""On-Off"": ""0.182"", ""MinutesOn"": 312, ""MinutesOff"": 1053}, {""Name"": ""Julie Allemand"", ""On"": ""0.444"", ""Off"": ""0.286"", ""On-Off"": ""0.159"", ""MinutesOn"": 112, ""MinutesOff"": 856}, {""Name"": ""Emma Cannon"", ""On"": ""0.357"", ""Off"": ""0.357"", ""On-Off"": ""0.000"", ""MinutesOn"": 117, ""MinutesOff"": 96}, {""Name"": ""Kelsey Plum"", ""On"": ""0.231"", ""Off"": ""0.361"", ""On-Off"": ""-0.130"", ""MinutesOn"": 302, ""MinutesOff"": 1206}, {""Name"": ""Mercedes Russell"", ""On"": ""0.000"", ""Off"": ""0.000"", ""On-Off"": ""0.000"", ""MinutesOn"": 104, ""MinutesOff"": 65}, {""Name"": ""Azurá Stevens"", ""On"": ""0.469"", ""Off"": ""0.343"", ""On-Off"": ""0.126"", ""MinutesOn"": 313, ""MinutesOff"": 927}, {""Name"": ""Rae Burrell"", ""On"": ""0.273"", ""Off"": ""0.361"", ""On-Off"": ""-0.088"", ""MinutesOn"": 112, ""MinutesOff"": 412}, {""Name"": ""Grace Berger"", ""On"": ""0.000"", ""Off"": ""0.000"", ""On-Off"": ""0.000"", ""MinutesOn"": 16, ""MinutesOff"": 0}, {""Name"": ""Julie Vanloo"", ""On"": ""0.167"", ""Off"": ""0.333"", ""On-Off"": ""-0.167"", ""MinutesOn"": 67, ""MinutesOff"": 202}, {""Name"": ""Cameron Brink"", ""On"": ""0.000"", ""Off"": ""0.429"", ""On-Off"": ""-0.429"", ""MinutesOn"": 40, ""MinutesOff"": 210}, {""Name"": ""Rickea Jackson"", ""On"": ""0.316"", ""Off"": ""0.353"", ""On-Off"": ""-0.038"", ""MinutesOn"": 158, ""MinutesOff"": 1009}, {""Name"": ""Alissa Pili"", ""On"": ""0.000"", ""Off"": ""0.000"", ""On-Off"": ""0.000"", ""MinutesOn"": 16, ""MinutesOff"": 2}, {""Name"": ""Sania Feagin"", ""On"": ""0.000"", ""Off"": ""0.000"", ""On-Off"": ""0.000"", ""MinutesOn"": 49, ""MinutesOff"": 27}, {""Name"": ""Liatu King"", ""On"": ""0.000"", ""Off"": ""0.333"", ""On-Off"": ""-0.333"", ""MinutesOn"": 34, ""MinutesOff"": 86}]","[{""Name"": ""Shey Peddy"", ""On"": ""0.504"", ""Off"": ""0.510"", ""On-Off"": ""-0.006"", ""MinutesOn"": 44, ""MinutesOff"": 94}, {""Name"": ""Odyssey Sims"", ""On"": ""0.474"", ""Off"": ""0.514"", ""On-Off"": ""-0.041"", ""MinutesOn"": 147, ""MinutesOff"": 202}, {""Name"": ""Dearica Hamby"", ""On"": ""0.538"", ""Off"": ""0.559"", ""On-Off"": ""-0.021"", ""MinutesOn"": 312, ""MinutesOff"": 1053}, {""Name"": ""Julie Allemand"", ""On"": ""0.502"", ""Off"": ""0.549"", ""On-Off"": ""-0.047"", ""MinutesOn"": 112, ""MinutesOff"": 856}, {""Name"": ""Emma Cannon"", ""On"": ""0.515"", ""Off"": ""0.520"", ""On-Off"": ""-0.005"", ""MinutesOn"": 117, ""MinutesOff"": 96}, {""Name"": ""Kelsey Plum"", ""On"": ""0.489"", ""Off"": ""0.495"", ""On-Off"": ""-0.007"", ""MinutesOn"": 302, ""MinutesOff"": 1206}, {""Name"": ""Mercedes Russell"", ""On"": ""0.449"", ""Off"": ""0.481"", ""On-Off"": ""-0.033"", ""MinutesOn"": 104, ""MinutesOff"": 65}, {""Name"": ""Azurá Stevens"", ""On"": ""0.528"", ""Off"": ""0.546"", ""On-Off"": ""-0.018"", ""MinutesOn"": 313, ""MinutesOff"": 927}, {""Name"": ""Rae Burrell"", ""On"": ""0.516"", ""Off"": ""0.536"", ""On-Off"": ""-0.020"", ""MinutesOn"": 112, ""MinutesOff"": 412}, {""Name"": ""Grace Berger"", ""On"": ""0.501"", ""Off"": ""0.000"", ""On-Off"": ""0.501"", ""MinutesOn"": 16, ""MinutesOff"": 0}, {""Name"": ""Julie Vanloo"", ""On"": ""0.556"", ""Off"": ""0.512"", ""On-Off"": ""0.044"", ""MinutesOn"": 67, ""MinutesOff"": 202}, {""Name"": ""Cameron Brink"", ""On"": ""0.524"", ""Off"": ""0.523"", ""On-Off"": ""0.000"", ""MinutesOn"": 40, ""MinutesOff"": 210}, {""Name"": ""Rickea Jackson"", ""On"": ""0.497"", ""Off"": ""0.511"", ""On-Off"": ""-0.014"", ""MinutesOn"": 158, ""MinutesOff"": 1009}, {""Name"": ""Alissa Pili"", ""On"": ""0.620"", ""Off"": ""0.000"", ""On-Off"": ""0.620"", ""MinutesOn"": 16, ""MinutesOff"": 2}, {""Name"": ""Sania Feagin"", ""On"": ""0.509"", ""Off"": ""0.532"", ""On-Off"": ""-0.023"", ""MinutesOn"": 49, ""MinutesOff"": 27}, {""Name"": ""Liatu King"", ""On"": ""0.428"", ""Off"": ""0.469"", ""On-Off"": ""-0.041"", ""MinutesOn"": 34, ""MinutesOff"": 86}]","[{""Name"": ""Shey Peddy"", ""On"": ""0.200"", ""Off"": ""0.067"", ""On-Off"": ""0.133"", ""MinutesOn"": 44, ""MinutesOff"": 94}, {""Name"": ""Odyssey Sims"", ""On"": ""0.130"", ""Off"": ""0.232"", ""On-Off"": ""-0.103"", ""MinutesOn"": 147, ""MinutesOff"": 202}, {""Name"": ""Dearica Hamby"", ""On"": ""0.166"", ""Off"": ""0.203"", ""On-Off"": ""-0.037"", ""MinutesOn"": 312, ""MinutesOff"": 1053}, {""Name"": ""Julie Allemand"", ""On"": ""0.143"", ""Off"": ""0.021"", ""On-Off"": ""0.122"", ""MinutesOn"": 112, ""MinutesOff"": 856}, {""Name"": ""Emma Cannon"", ""On"": ""0.182"", ""Off"": ""0.054"", ""On-Off"": ""0.128"", ""MinutesOn"": 117, ""MinutesOff"": 96}, {""Name"": ""Kelsey Plum"", ""On"": ""0.090"", ""Off"": ""0.139"", ""On-Off"": ""-0.049"", ""MinutesOn"": 302, ""MinutesOff"": 1206}, {""Name"": ""Mercedes Russell"", ""On"": ""0.067"", ""Off"": ""0.188"", ""On-Off"": ""-0.121"", ""MinutesOn"": 104, ""MinutesOff"": 65}, {""Name"": ""Azurá Stevens"", ""On"": ""0.095"", ""Off"": ""0.099"", ""On-Off"": ""-0.004"", ""MinutesOn"": 313, ""MinutesOff"": 927}, {""Name"": ""Rae Burrell"", ""On"": ""0.098"", ""Off"": ""0.139"", ""On-Off"": ""-0.041"", ""MinutesOn"": 112, ""MinutesOff"": 412}, {""Name"": ""Grace Berger"", ""On"": ""0.000"", ""Off"": ""0.000"", ""On-Off"": ""0.000"", ""MinutesOn"": 16, ""MinutesOff"": 0}, {""Name"": ""Julie Vanloo"", ""On"": ""0.000"", ""Off"": ""0.000"", ""On-Off"": ""0.000"", ""MinutesOn"": 67, ""MinutesOff"": 202}, {""Name"": ""Cameron Brink"", ""On"": ""0.111"", ""Off"": ""0.100"", ""On-Off"": ""0.011"", ""MinutesOn"": 40, ""MinutesOff"": 210}, {""Name"": ""Rickea Jackson"", ""On"": ""0.080"", ""Off"": ""0.084"", ""On-Off"": ""-0.004"", ""MinutesOn"": 158, ""MinutesOff"": 1009}, {""Name"": ""Alissa Pili"", ""On"": ""0.500"", ""Off"": ""1.000"", ""On-Off"": ""-0.500"", ""MinutesOn"": 16, ""MinutesOff"": 2}, {""Name"": ""Sania Feagin"", ""On"": ""0.000"", ""Off"": ""0.000"", ""On-Off"": ""0.000"", ""MinutesOn"": 49, ""MinutesOff"": 27}, {""Name"": ""Liatu King"", ""On"": ""0.222"", ""Off"": ""0.238"", ""On-Off"": ""-0.016"", ""MinutesOn"": 34, ""MinutesOff"": 86}]","[{""Name"": ""Shey Peddy"", ""On"": ""0.286"", ""Off"": ""0.200"", ""On-Off"": ""0.086"", ""MinutesOn"": 44, ""MinutesOff"": 94}, {""Name"": ""Odyssey Sims"", ""On"": ""0.189"", ""Off"": ""0.333"", ""On-Off"": ""-0.144"", ""MinutesOn"": 147, ""MinutesOff"": 202}, {""Name"": ""Dearica Hamby"", ""On"": ""0.182"", ""Off"": ""0.221"", ""On-Off"": ""-0.039"", ""MinutesOn"": 312, ""MinutesOff"": 1053}, {""Name"": ""Julie Allemand"", ""On"": ""0.375"", ""Off"": ""0.057"", ""On-Off"": ""0.318"", ""MinutesOn"": 112, ""MinutesOff"": 856}, {""Name"": ""Emma Cannon"", ""On"": ""0.375"", ""Off"": ""0.111"", ""On-Off"": ""0.264"", ""MinutesOn"": 117, ""MinutesOff"": 96}, {""Name"": ""Kelsey Plum"", ""On"": ""0.126"", ""Off"": ""0.228"", ""On-Off"": ""-0.102"", ""MinutesOn"": 302, ""MinutesOff"": 1206}, {""Name"": ""Mercedes Russell"", ""On"": ""0.067"", ""Off"": ""0.188"", ""On-Off"": ""-0.121"", ""MinutesOn"": 104, ""MinutesOff"": 65}, {""Name"": ""Azurá Stevens"", ""On"": ""0.145"", ""Off"": ""0.179"", ""On-Off"": ""-0.034"", ""MinutesOn"": 313, ""MinutesOff"": 927}, {""Name"": ""Rae Burrell"", ""On"": ""0.147"", ""Off"": ""0.204"", ""On-Off"": ""-0.057"", ""MinutesOn"": 112, ""MinutesOff"": 412}, {""Name"": ""Grace Berger"", ""On"": ""0.000"", ""Off"": ""0.000"", ""On-Off"": ""0.000"", ""MinutesOn"": 16, ""MinutesOff"": 0}, {""Name"": ""Julie Vanloo"", ""On"": ""0.000"", ""Off"": ""0.000"", ""On-Off"": ""0.000"", ""MinutesOn"": 67, ""MinutesOff"": 202}, {""Name"": ""Cameron Brink"", ""On"": ""0.167"", ""Off"": ""0.167"", ""On-Off"": ""0.000"", ""MinutesOn"": 40, ""MinutesOff"": 210}, {""Name"": ""Rickea Jackson"", ""On"": ""0.136"", ""Off"": ""0.127"", ""On-Off"": ""0.009"", ""MinutesOn"": 158, ""MinutesOff"": 1009}, {""Name"": ""Alissa Pili"", ""On"": ""0.556"", ""Off"": ""1.000"", ""On-Off"": ""-0.444"", ""MinutesOn"": 16, ""MinutesOff"": 2}, {""Name"": ""Sania Feagin"", ""On"": ""0.000"", ""Off"": ""0.000"", ""On-Off"": ""0.000"", ""MinutesOn"": 49, ""MinutesOff"": 27}, {""Name"": ""Liatu King"", ""On"": ""0.250"", ""Off"": ""0.312"", ""On-Off"": ""-0.062"", ""MinutesOn"": 34, ""MinutesOff"": 86}]","[{""Name"": ""Shey Peddy"", ""On"": ""0.000"", ""Off"": ""0.000"", ""On-Off"": ""0.000"", ""MinutesOn"": 44, ""MinutesOff"": 94}, {""Name"": ""Odyssey Sims"", ""On"": ""0.000"", ""Off"": ""0.000"", ""On-Off"": ""0.000"", ""MinutesOn"": 147, ""MinutesOff"": 202}, {""Name"": ""Dearica Hamby"", ""On"": ""0.000"", ""Off"": ""0.000"", ""On-Off"": ""0.000"", ""MinutesOn"": 312, ""MinutesOff"": 1053}, {""Name"": ""Julie Allemand"", ""On"": ""0.000"", ""Off"": ""0.000"", ""On-Off"": ""0.000"", ""MinutesOn"": 112, ""MinutesOff"": 856}, {""Name"": ""Emma Cannon"", ""On"": ""0.000"", ""Off"": ""0.000"", ""On-Off"": ""0.000"", ""MinutesOn"": 117, ""MinutesOff"": 96}, {""Name"": ""Kelsey Plum"", ""On"": ""0.033"", ""Off"": ""0.013"", ""On-Off"": ""0.019"", ""MinutesOn"": 302, ""MinutesOff"": 1206}, {""Name"": ""Mercedes Russell"", ""On"": ""0.000"", ""Off"": ""0.000"", ""On-Off"": ""0.000"", ""MinutesOn"": 104, ""MinutesOff"": 65}, {""Name"": ""Azurá Stevens"", ""On"": ""0.000"", ""Off"": ""0.000"", ""On-Off"": ""0.000"", ""MinutesOn"": 313, ""MinutesOff"": 927}, {""Name"": ""Rae Burrell"", ""On"": ""0.000"", ""Off"": ""0.020"", ""On-Off"": ""-0.020"", ""MinutesOn"": 112, ""MinutesOff"": 412}, {""Name"": ""Grace Berger"", ""On"": ""0.000"", ""Off"": ""0.000"", ""On-Off"": ""0.000"", ""MinutesOn"": 16, ""MinutesOff"": 0}, {""Name"": ""Julie Vanloo"", ""On"": ""0.000"", ""Off"": ""0.000"", ""On-Off"": ""0.000"", ""MinutesOn"": 67, ""MinutesOff"": 202}, {""Name"": ""Cameron Brink"", ""On"": ""0.000"", ""Off"": ""0.000"", ""On-Off"": ""0.000"", ""MinutesOn"": 40, ""MinutesOff"": 210}, {""Name"": ""Rickea Jackson"", ""On"": ""0.000"", ""Off"": ""0.006"", ""On-Off"": ""-0.006"", ""MinutesOn"": 158, ""MinutesOff"": 1009}, {""Name"": ""Alissa Pili"", ""On"": ""0.000"", ""Off"": ""0.000"", ""On-Off"": ""0.000"", ""MinutesOn"": 16, ""MinutesOff"": 2}, {""Name"": ""Sania Feagin"", ""On"": ""0.000"", ""Off"": ""0.000"", ""On-Off"": ""0.000"", ""MinutesOn"": 49, ""MinutesOff"": 27}, {""Name"": ""Liatu King"", ""On"": ""0.000"", ""Off"": ""0.000"", ""On-Off"": ""0.000"", ""MinutesOn"": 34, ""MinutesOff"": 86}]","[{""Name"": ""Shey Peddy"", ""On"": ""0.154"", ""Off"": ""0.176"", ""On-Off"": ""-0.023"", ""MinutesOn"": 44, ""MinutesOff"": 94}, {""Name"": ""Odyssey Sims"", ""On"": ""0.078"", ""Off"": ""0.000"", ""On-Off"": ""0.078"", ""MinutesOn"": 147, ""MinutesOff"": 202}, {""Name"": ""Dearica Hamby"", ""On"": ""0.133"", ""Off"": ""0.130"", ""On-Off"": ""0.002"", ""MinutesOn"": 312, ""MinutesOff"": 1053}, {""Name"": ""Julie Allemand"", ""On"": ""0.088"", ""Off"": ""0.154"", ""On-Off"": ""-0.066"", ""MinutesOn"": 112, ""MinutesOff"": 856}, {""Name"": ""Emma Cannon"", ""On"": ""0.156"", ""Off"": ""0.354"", ""On-Off"": ""-0.199"", ""MinutesOn"": 117, ""MinutesOff"": 96}, {""Name"": ""Kelsey Plum"", ""On"": ""0.070"", ""Off"": ""0.084"", ""On-Off"": ""-0.014"", ""MinutesOn"": 302, ""MinutesOff"": 1206}, {""Name"": ""Mercedes Russell"", ""On"": ""0.118"", ""Off"": ""0.235"", ""On-Off"": ""-0.118"", ""MinutesOn"": 104, ""MinutesOff"": 65}, {""Name"": ""Azurá Stevens"", ""On"": ""0.220"", ""Off"": ""0.124"", ""On-Off"": ""0.096"", ""MinutesOn"": 313, ""MinutesOff"": 927}, {""Name"": ""Rae Burrell"", ""On"": ""0.145"", ""Off"": ""0.090"", ""On-Off"": ""0.056"", ""MinutesOn"": 112, ""MinutesOff"": 412}, {""Name"": ""Grace Berger"", ""On"": ""0.000"", ""Off"": ""0.000"", ""On-Off"": ""0.000"", ""MinutesOn"": 16, ""MinutesOff"": 0}, {""Name"": ""Julie Vanloo"", ""On"": ""0.000"", ""Off"": ""0.062"", ""On-Off"": ""-0.062"", ""MinutesOn"": 67, ""MinutesOff"": 202}, {""Name"": ""Cameron Brink"", ""On"": ""0.273"", ""Off"": ""0.259"", ""On-Off"": ""0.014"", ""MinutesOn"": 40, ""MinutesOff"": 210}, {""Name"": ""Rickea Jackson"", ""On"": ""0.194"", ""Off"": ""0.103"", ""On-Off"": ""0.092"", ""MinutesOn"": 158, ""MinutesOff"": 1009}, {""Name"": ""Alissa Pili"", ""On"": ""0.143"", ""Off"": ""0.000"", ""On-Off"": ""0.143"", ""MinutesOn"": 16, ""MinutesOff"": 2}, {""Name"": ""Sania Feagin"", ""On"": ""0.000"", ""Off"": ""0.250"", ""On-Off"": ""-0.250"", ""MinutesOn"": 49, ""MinutesOff"": 27}, {""Name"": ""Liatu King"", ""On"": ""0.444"", ""Off"": ""0.000"", ""On-Off"": ""0.444"", ""MinutesOn"": 34, ""MinutesOff"": 86}]","[{""Name"": ""Shey Peddy"", ""On"": ""0.462"", ""Off"": ""0.176"", ""On-Off"": ""0.285"", ""MinutesOn"": 44, ""MinutesOff"": 94}, {""Name"": ""Odyssey Sims"", ""On"": ""0.157"", ""Off"": ""0.060"", ""On-Off"": ""0.097"", ""MinutesOn"": 147, ""MinutesOff"": 202}, {""Name"": ""Dearica Hamby"", ""On"": ""0.215"", ""Off"": ""0.222"", ""On-Off"": ""-0.007"", ""MinutesOn"": 312, ""MinutesOff"": 1053}, {""Name"": ""Julie Allemand"", ""On"": ""0.176"", ""Off"": ""0.295"", ""On-Off"": ""-0.119"", ""MinutesOn"": 112, ""MinutesOff"": 856}, {""Name"": ""Emma Cannon"", ""On"": ""0.267"", ""Off"": ""0.417"", ""On-Off"": ""-0.150"", ""MinutesOn"": 117, ""MinutesOff"": 96}, {""Name"": ""Kelsey Plum"", ""On"": ""0.372"", ""Off"": ""0.267"", ""On-Off"": ""0.105"", ""MinutesOn"": 302, ""MinutesOff"": 1206}, {""Name"": ""Mercedes Russell"", ""On"": ""0.118"", ""Off"": ""0.471"", ""On-Off"": ""-0.353"", ""MinutesOn"": 104, ""MinutesOff"": 65}, {""Name"": ""Azurá Stevens"", ""On"": ""0.142"", ""Off"": ""0.155"", ""On-Off"": ""-0.013"", ""MinutesOn"": 313, ""MinutesOff"": 927}, {""Name"": ""Rae Burrell"", ""On"": ""0.418"", ""Off"": ""0.250"", ""On-Off"": ""0.168"", ""MinutesOn"": 112, ""MinutesOff"": 412}, {""Name"": ""Grace Berger"", ""On"": ""0.000"", ""Off"": ""0.000"", ""On-Off"": ""0.000"", ""MinutesOn"": 16, ""MinutesOff"": 0}, {""Name"": ""Julie Vanloo"", ""On"": ""0.700"", ""Off"": ""0.146"", ""On-Off"": ""0.554"", ""MinutesOn"": 67, ""MinutesOff"": 202}, {""Name"": ""Cameron Brink"", ""On"": ""0.182"", ""Off"": ""0.282"", ""On-Off"": ""-0.101"", ""MinutesOn"": 40, ""MinutesOff"": 210}, {""Name"": ""Rickea Jackson"", ""On"": ""0.472"", ""Off"": ""0.195"", ""On-Off"": ""0.277"", ""MinutesOn"": 158, ""MinutesOff"": 1009}, {""Name"": ""Alissa Pili"", ""On"": ""0.286"", ""Off"": ""0.000"", ""On-Off"": ""0.286"", ""MinutesOn"": 16, ""MinutesOff"": 2}, {""Name"": ""Sania Feagin"", ""On"": ""0.833"", ""Off"": ""0.250"", ""On-Off"": ""0.583"", ""MinutesOn"": 49, ""MinutesOff"": 27}, {""Name"": ""Liatu King"", ""On"": ""0.222"", ""Off"": ""0.148"", ""On-Off"": ""0.074"", ""MinutesOn"": 34, ""MinutesOff"": 86}]","[{""Name"": ""Shey Peddy"", ""On"": ""0.322"", ""Off"": ""0.217"", ""On-Off"": ""0.105"", ""MinutesOn"": 44, ""MinutesOff"": 94}, {""Name"": ""Odyssey Sims"", ""On"": ""0.150"", ""Off"": ""0.250"", ""On-Off"": ""-0.100"", ""MinutesOn"": 147, ""MinutesOff"": 202}, {""Name"": ""Dearica Hamby"", ""On"": ""0.197"", ""Off"": ""0.192"", ""On-Off"": ""0.005"", ""MinutesOn"": 312, ""MinutesOff"": 1053}, {""Name"": ""Julie Allemand"", ""On"": ""0.212"", ""Off"": ""0.224"", ""On-Off"": ""-0.012"", ""MinutesOn"": 112, ""MinutesOff"": 856}, {""Name"": ""Emma Cannon"", ""On"": ""0.395"", ""Off"": ""0.413"", ""On-Off"": ""-0.018"", ""MinutesOn"": 117, ""MinutesOff"": 96}, {""Name"": ""Kelsey Plum"", ""On"": ""0.263"", ""Off"": ""0.213"", ""On-Off"": ""0.049"", ""MinutesOn"": 302, ""MinutesOff"": 1206}, {""Name"": ""Mercedes Russell"", ""On"": ""0.266"", ""Off"": ""0.383"", ""On-Off"": ""-0.116"", ""MinutesOn"": 104, ""MinutesOff"": 65}, {""Name"": ""Azurá Stevens"", ""On"": ""0.224"", ""Off"": ""0.181"", ""On-Off"": ""0.043"", ""MinutesOn"": 313, ""MinutesOff"": 927}, {""Name"": ""Rae Burrell"", ""On"": ""0.274"", ""Off"": ""0.272"", ""On-Off"": ""0.002"", ""MinutesOn"": 112, ""MinutesOff"": 412}, {""Name"": ""Grace Berger"", ""On"": ""0.361"", ""Off"": ""0.000"", ""On-Off"": ""0.361"", ""MinutesOn"": 16, ""MinutesOff"": 0}, {""Name"": ""Julie Vanloo"", ""On"": ""0.285"", ""Off"": ""0.178"", ""On-Off"": ""0.107"", ""MinutesOn"": 67, ""MinutesOff"": 202}, {""Name"": ""Cameron Brink"", ""On"": ""0.227"", ""Off"": ""0.258"", ""On-Off"": ""-0.031"", ""MinutesOn"": 40, ""MinutesOff"": 210}, {""Name"": ""Rickea Jackson"", ""On"": ""0.384"", ""Off"": ""0.213"", ""On-Off"": ""0.171"", ""MinutesOn"": 158, ""MinutesOff"": 1009}, {""Name"": ""Alissa Pili"", ""On"": ""0.400"", ""Off"": ""0.000"", ""On-Off"": ""0.400"", ""MinutesOn"": 16, ""MinutesOff"": 2}, {""Name"": ""Sania Feagin"", ""On"": ""0.684"", ""Off"": ""0.322"", ""On-Off"": ""0.362"", ""MinutesOn"": 49, ""MinutesOff"": 27}, {""Name"": ""Liatu King"", ""On"": ""0.458"", ""Off"": ""0.249"", ""On-Off"": ""0.210"", ""MinutesOn"": 34, ""MinutesOff"": 86}]","[{""Name"": ""Shey Peddy"", ""On"": ""5.400"", ""Off"": ""6.820"", ""On-Off"": ""-1.420"", ""MinutesOn"": 44, ""MinutesOff"": 94}, {""Name"": ""Odyssey Sims"", ""On"": ""7.206"", ""Off"": ""5.353"", ""On-Off"": ""1.853"", ""MinutesOn"": 147, ""MinutesOff"": 202}, {""Name"": ""Dearica Hamby"", ""On"": ""3.368"", ""Off"": ""3.194"", ""On-Off"": ""0.174"", ""MinutesOn"": 312, ""MinutesOff"": 1053}, {""Name"": ""Julie Allemand"", ""On"": ""2.686"", ""Off"": ""3.937"", ""On-Off"": ""-1.252"", ""MinutesOn"": 112, ""MinutesOff"": 856}, {""Name"": ""Emma Cannon"", ""On"": ""5.427"", ""Off"": ""5.487"", ""On-Off"": ""-0.060"", ""MinutesOn"": 117, ""MinutesOff"": 96}, {""Name"": ""Kelsey Plum"", ""On"": ""6.349"", ""Off"": ""5.998"", ""On-Off"": ""0.351"", ""MinutesOn"": 302, ""MinutesOff"": 1206}, {""Name"": ""Mercedes Russell"", ""On"": ""6.357"", ""Off"": ""5.677"", ""On-Off"": ""0.680"", ""MinutesOn"": 104, ""MinutesOff"": 65}, {""Name"": ""Azurá Stevens"", ""On"": ""5.481"", ""Off"": ""4.163"", ""On-Off"": ""1.318"", ""MinutesOn"": 313, ""MinutesOff"": 927}, {""Name"": ""Rae Burrell"", ""On"": ""5.213"", ""Off"": ""4.119"", ""On-Off"": ""1.094"", ""MinutesOn"": 112, ""MinutesOff"": 412}, {""Name"": ""Grace Berger"", ""On"": ""8.200"", ""Off"": ""0.000"", ""On-Off"": ""8.200"", ""MinutesOn"": 16, ""MinutesOff"": 0}, {""Name"": ""Julie Vanloo"", ""On"": ""2.240"", ""Off"": ""15.375"", ""On-Off"": ""-13.135"", ""MinutesOn"": 67, ""MinutesOff"": 202}, {""Name"": ""Cameron Brink"", ""On"": ""7.010"", ""Off"": ""4.842"", ""On-Off"": ""2.168"", ""MinutesOn"": 40, ""MinutesOff"": 210}, {""Name"": ""Rickea Jackson"", ""On"": ""6.670"", ""Off"": ""6.360"", ""On-Off"": ""0.310"", ""MinutesOn"": 158, ""MinutesOff"": 1009}, {""Name"": ""Alissa Pili"", ""On"": ""2.600"", ""Off"": ""0.000"", ""On-Off"": ""2.600"", ""MinutesOn"": 16, ""MinutesOff"": 2}, {""Name"": ""Sania Feagin"", ""On"": ""3.913"", ""Off"": ""3.978"", ""On-Off"": ""-0.064"", ""MinutesOn"": 49, ""MinutesOff"": 27}, {""Name"": ""Liatu King"", ""On"": ""6.529"", ""Off"": ""4.382"", ""On-Off"": ""2.147"", ""MinutesOn"": 34, ""MinutesOff"": 86}]","[{""Name"": ""Shey Peddy"", ""On"": ""25.167"", ""Off"": ""23.950"", ""On-Off"": ""1.217"", ""MinutesOn"": 44, ""MinutesOff"": 94}, {""Name"": ""Odyssey Sims"", ""On"": ""24.235"", ""Off"": ""24.018"", ""On-Off"": ""0.218"", ""MinutesOn"": 147, ""MinutesOff"": 202}, {""Name"": ""Dearica Hamby"", ""On"": ""24.214"", ""Off"": ""25.890"", ""On-Off"": ""-1.676"", ""MinutesOn"": 312, ""MinutesOff"": 1053}, {""Name"": ""Julie Allemand"", ""On"": ""25.508"", ""Off"": ""25.132"", ""On-Off"": ""0.376"", ""MinutesOn"": 112, ""MinutesOff"": 856}, {""Name"": ""Emma Cannon"", ""On"": ""24.565"", ""Off"": ""24.432"", ""On-Off"": ""0.133"", ""MinutesOn"": 117, ""MinutesOff"": 96}, {""Name"": ""Kelsey Plum"", ""On"": ""25.924"", ""Off"": ""24.916"", ""On-Off"": ""1.008"", ""MinutesOn"": 302, ""MinutesOff"": 1206}, {""Name"": ""Mercedes Russell"", ""On"": ""0.000"", ""Off"": ""0.000"", ""On-Off"": ""0.000"", ""MinutesOn"": 104, ""MinutesOff"": 65}, {""Name"": ""Azurá Stevens"", ""On"": ""24.517"", ""Off"": ""24.462"", ""On-Off"": ""0.055"", ""MinutesOn"": 313, ""MinutesOff"": 927}, {""Name"": ""Rae Burrell"", ""On"": ""24.406"", ""Off"": ""24.430"", ""On-Off"": ""-0.024"", ""MinutesOn"": 112, ""MinutesOff"": 412}, {""Name"": ""Grace Berger"", ""On"": ""38.950"", ""Off"": ""0.000"", ""On-Off"": ""38.950"", ""MinutesOn"": 16, ""MinutesOff"": 0}, {""Name"": ""Julie Vanloo"", ""On"": ""25.400"", ""Off"": ""25.551"", ""On-Off"": ""-0.151"", ""MinutesOn"": 67, ""MinutesOff"": 202}, {""Name"": ""Cameron Brink"", ""On"": ""28.100"", ""Off"": ""25.086"", ""On-Off"": ""3.014"", ""MinutesOn"": 40, ""MinutesOff"": 210}, {""Name"": ""Rickea Jackson"", ""On"": ""24.252"", ""Off"": ""24.315"", ""On-Off"": ""-0.064"", ""MinutesOn"": 158, ""MinutesOff"": 1009}, {""Name"": ""Alissa Pili"", ""On"": ""23.100"", ""Off"": ""0.000"", ""On-Off"": ""23.100"", ""MinutesOn"": 16, ""MinutesOff"": 2}, {""Name"": ""Sania Feagin"", ""On"": ""24.825"", ""Off"": ""0.000"", ""On-Off"": ""24.825"", ""MinutesOn"": 49, ""MinutesOff"": 27}, {""Name"": ""Liatu King"", ""On"": ""23.500"", ""Off"": ""24.580"", ""On-Off"": ""-1.080"", ""MinutesOn"": 34, ""MinutesOff"": 86}]","[{""Name"": ""Shey Peddy"", ""On"": ""0.136"", ""Off"": ""0.073"", ""On-Off"": ""0.063"", ""MinutesOn"": 44, ""MinutesOff"": 94}, {""Name"": ""Odyssey Sims"", ""On"": ""0.070"", ""Off"": ""0.091"", ""On-Off"": ""-0.021"", ""MinutesOn"": 147, ""MinutesOff"": 202}, {""Name"": ""Dearica Hamby"", ""On"": ""0.165"", ""Off"": ""0.181"", ""On-Off"": ""-0.016"", ""MinutesOn"": 312, ""MinutesOff"": 1053}, {""Name"": ""Julie Allemand"", ""On"": ""0.096"", ""Off"": ""0.123"", ""On-Off"": ""-0.027"", ""MinutesOn"": 112, ""MinutesOff"": 856}, {""Name"": ""Emma Cannon"", ""On"": ""0.129"", ""Off"": ""0.136"", ""On-Off"": ""-0.007"", ""MinutesOn"": 117, ""MinutesOff"": 96}, {""Name"": ""Kelsey Plum"", ""On"": ""0.089"", ""Off"": ""0.083"", ""On-Off"": ""0.005"", ""MinutesOn"": 302, ""MinutesOff"": 1206}, {""Name"": ""Mercedes Russell"", ""On"": ""0.081"", ""Off"": ""0.125"", ""On-Off"": ""-0.044"", ""MinutesOn"": 104, ""MinutesOff"": 65}, {""Name"": ""Azurá Stevens"", ""On"": ""0.265"", ""Off"": ""0.224"", ""On-Off"": ""0.042"", ""MinutesOn"": 313, ""MinutesOff"": 927}, {""Name"": ""Rae Burrell"", ""On"": ""0.070"", ""Off"": ""0.093"", ""On-Off"": ""-0.022"", ""MinutesOn"": 112, ""MinutesOff"": 412}, {""Name"": ""Grace Berger"", ""On"": ""0.000"", ""Off"": ""0.000"", ""On-Off"": ""0.000"", ""MinutesOn"": 16, ""MinutesOff"": 0}, {""Name"": ""Julie Vanloo"", ""On"": ""0.109"", ""Off"": ""0.031"", ""On-Off"": ""0.078"", ""MinutesOn"": 67, ""MinutesOff"": 202}, {""Name"": ""Cameron Brink"", ""On"": ""0.235"", ""Off"": ""0.203"", ""On-Off"": ""0.033"", ""MinutesOn"": 40, ""MinutesOff"": 210}, {""Name"": ""Rickea Jackson"", ""On"": ""0.081"", ""Off"": ""0.072"", ""On-Off"": ""0.009"", ""MinutesOn"": 158, ""MinutesOff"": 1009}, {""Name"": ""Alissa Pili"", ""On"": ""0.105"", ""Off"": ""0.000"", ""On-Off"": ""0.105"", ""MinutesOn"": 16, ""MinutesOff"": 2}, {""Name"": ""Sania Feagin"", ""On"": ""0.122"", ""Off"": ""0.080"", ""On-Off"": ""0.042"", ""MinutesOn"": 49, ""MinutesOff"": 27}, {""Name"": ""Liatu King"", ""On"": ""0.125"", ""Off"": ""0.138"", ""On-Off"": ""-0.013"", ""MinutesOn"": 34, ""MinutesOff"": 86}]","[{""Name"": ""Shey Peddy"", ""On"": ""0.044"", ""Off"": ""0.050"", ""On-Off"": ""-0.006"", ""MinutesOn"": 44, ""MinutesOff"": 94}, {""Name"": ""Odyssey Sims"", ""On"": ""0.021"", ""Off"": ""0.016"", ""On-Off"": ""0.005"", ""MinutesOn"": 147, ""MinutesOff"": 202}, {""Name"": ""Dearica Hamby"", ""On"": ""0.104"", ""Off"": ""0.085"", ""On-Off"": ""0.018"", ""MinutesOn"": 312, ""MinutesOff"": 1053}, {""Name"": ""Julie Allemand"", ""On"": ""0.009"", ""Off"": ""0.015"", ""On-Off"": ""-0.006"", ""MinutesOn"": 112, ""MinutesOff"": 856}, {""Name"": ""Emma Cannon"", ""On"": ""0.060"", ""Off"": ""0.062"", ""On-Off"": ""-0.002"", ""MinutesOn"": 117, ""MinutesOff"": 96}, {""Name"": ""Kelsey Plum"", ""On"": ""0.007"", ""Off"": ""0.007"", ""On-Off"": ""-0.001"", ""MinutesOn"": 302, ""MinutesOff"": 1206}, {""Name"": ""Mercedes Russell"", ""On"": ""0.051"", ""Off"": ""0.070"", ""On-Off"": ""-0.019"", ""MinutesOn"": 104, ""MinutesOff"": 65}, {""Name"": ""Azurá Stevens"", ""On"": ""0.079"", ""Off"": ""0.058"", ""On-Off"": ""0.022"", ""MinutesOn"": 313, ""MinutesOff"": 927}, {""Name"": ""Rae Burrell"", ""On"": ""0.047"", ""Off"": ""0.033"", ""On-Off"": ""0.014"", ""MinutesOn"": 112, ""MinutesOff"": 412}, {""Name"": ""Grace Berger"", ""On"": ""0.045"", ""Off"": ""0.000"", ""On-Off"": ""0.045"", ""MinutesOn"": 16, ""MinutesOff"": 0}, {""Name"": ""Julie Vanloo"", ""On"": ""0.000"", ""Off"": ""0.010"", ""On-Off"": ""-0.010"", ""MinutesOn"": 67, ""MinutesOff"": 202}, {""Name"": ""Cameron Brink"", ""On"": ""0.075"", ""Off"": ""0.112"", ""On-Off"": ""-0.037"", ""MinutesOn"": 40, ""MinutesOff"": 210}, {""Name"": ""Rickea Jackson"", ""On"": ""0.039"", ""Off"": ""0.034"", ""On-Off"": ""0.005"", ""MinutesOn"": 158, ""MinutesOff"": 1009}, {""Name"": ""Alissa Pili"", ""On"": ""0.000"", ""Off"": ""0.000"", ""On-Off"": ""0.000"", ""MinutesOn"": 16, ""MinutesOff"": 2}, {""Name"": ""Sania Feagin"", ""On"": ""0.023"", ""Off"": ""0.067"", ""On-Off"": ""-0.044"", ""MinutesOn"": 49, ""MinutesOff"": 27}, {""Name"": ""Liatu King"", ""On"": ""0.120"", ""Off"": ""0.109"", ""On-Off"": ""0.011"", ""MinutesOn"": 34, ""MinutesOff"": 86}]","[{""Name"": ""Shey Peddy"", ""On"": ""14.444"", ""Off"": ""9.239"", ""On-Off"": ""5.205"", ""MinutesOn"": 44, ""MinutesOff"": 94}, {""Name"": ""Odyssey Sims"", ""On"": ""17.770"", ""Off"": ""16.584"", ""On-Off"": ""1.186"", ""MinutesOn"": 147, ""MinutesOff"": 202}, {""Name"": ""Dearica Hamby"", ""On"": ""29.241"", ""Off"": ""30.014"", ""On-Off"": ""-0.774"", ""MinutesOn"": 312, ""MinutesOff"": 1053}, {""Name"": ""Julie Allemand"", ""On"": ""16.038"", ""Off"": ""8.668"", ""On-Off"": ""7.370"", ""MinutesOn"": 112, ""MinutesOff"": 856}, {""Name"": ""Emma Cannon"", ""On"": ""19.313"", ""Off"": ""25.397"", ""On-Off"": ""-6.084"", ""MinutesOn"": 117, ""MinutesOff"": 96}, {""Name"": ""Kelsey Plum"", ""On"": ""28.763"", ""Off"": ""27.757"", ""On-Off"": ""1.006"", ""MinutesOn"": 302, ""MinutesOff"": 1206}, {""Name"": ""Mercedes Russell"", ""On"": ""8.543"", ""Off"": ""13.281"", ""On-Off"": ""-4.739"", ""MinutesOn"": 104, ""MinutesOff"": 65}, {""Name"": ""Azurá Stevens"", ""On"": ""22.927"", ""Off"": ""22.789"", ""On-Off"": ""0.138"", ""MinutesOn"": 313, ""MinutesOff"": 927}, {""Name"": ""Rae Burrell"", ""On"": ""24.664"", ""Off"": ""18.660"", ""On-Off"": ""6.003"", ""MinutesOn"": 112, ""MinutesOff"": 412}, {""Name"": ""Grace Berger"", ""On"": ""0.000"", ""Off"": ""0.000"", ""On-Off"": ""0.000"", ""MinutesOn"": 16, ""MinutesOff"": 0}, {""Name"": ""Julie Vanloo"", ""On"": ""7.692"", ""Off"": ""12.030"", ""On-Off"": ""-4.338"", ""MinutesOn"": 67, ""MinutesOff"": 202}, {""Name"": ""Cameron Brink"", ""On"": ""14.667"", ""Off"": ""20.095"", ""On-Off"": ""-5.428"", ""MinutesOn"": 40, ""MinutesOff"": 210}, {""Name"": ""Rickea Jackson"", ""On"": ""22.857"", ""Off"": ""24.155"", ""On-Off"": ""-1.298"", ""MinutesOn"": 158, ""MinutesOff"": 1009}, {""Name"": ""Alissa Pili"", ""On"": ""46.667"", ""Off"": ""66.667"", ""On-Off"": ""-20.000"", ""MinutesOn"": 16, ""MinutesOff"": 2}, {""Name"": ""Sania Feagin"", ""On"": ""12.245"", ""Off"": ""13.559"", ""On-Off"": ""-1.314"", ""MinutesOn"": 49, ""MinutesOff"": 27}, {""Name"": ""Liatu King"", ""On"": ""12.500"", ""Off"": ""15.976"", ""On-Off"": ""-3.476"", ""MinutesOn"": 34, ""MinutesOff"": 86}]","[{""Name"": ""Shey Peddy"", ""On"": ""17.778"", ""Off"": ""11.413"", ""On-Off"": ""6.365"", ""MinutesOn"": 44, ""MinutesOff"": 94}, {""Name"": ""Odyssey Sims"", ""On"": ""14.634"", ""Off"": ""13.614"", ""On-Off"": ""1.020"", ""MinutesOn"": 147, ""MinutesOff"": 202}, {""Name"": ""Dearica Hamby"", ""On"": ""13.409"", ""Off"": ""12.339"", ""On-Off"": ""1.070"", ""MinutesOn"": 312, ""MinutesOff"": 1053}, {""Name"": ""Julie Allemand"", ""On"": ""17.925"", ""Off"": ""21.640"", ""On-Off"": ""-3.716"", ""MinutesOn"": 112, ""MinutesOff"": 856}, {""Name"": ""Emma Cannon"", ""On"": ""7.296"", ""Off"": ""0.000"", ""On-Off"": ""7.296"", ""MinutesOn"": 117, ""MinutesOff"": 96}, {""Name"": ""Kelsey Plum"", ""On"": ""18.562"", ""Off"": ""19.642"", ""On-Off"": ""-1.080"", ""MinutesOn"": 302, ""MinutesOff"": 1206}, {""Name"": ""Mercedes Russell"", ""On"": ""6.030"", ""Off"": ""13.281"", ""On-Off"": ""-7.251"", ""MinutesOn"": 104, ""MinutesOff"": 65}, {""Name"": ""Azurá Stevens"", ""On"": ""9.106"", ""Off"": ""8.464"", ""On-Off"": ""0.641"", ""MinutesOn"": 313, ""MinutesOff"": 927}, {""Name"": ""Rae Burrell"", ""On"": ""9.417"", ""Off"": ""6.579"", ""On-Off"": ""2.838"", ""MinutesOn"": 112, ""MinutesOff"": 412}, {""Name"": ""Grace Berger"", ""On"": ""5.556"", ""Off"": ""0.000"", ""On-Off"": ""5.556"", ""MinutesOn"": 16, ""MinutesOff"": 0}, {""Name"": ""Julie Vanloo"", ""On"": ""22.308"", ""Off"": ""12.030"", ""On-Off"": ""10.278"", ""MinutesOn"": 67, ""MinutesOff"": 202}, {""Name"": ""Cameron Brink"", ""On"": ""4.000"", ""Off"": ""4.728"", ""On-Off"": ""-0.728"", ""MinutesOn"": 40, ""MinutesOff"": 210}, {""Name"": ""Rickea Jackson"", ""On"": ""8.254"", ""Off"": ""6.113"", ""On-Off"": ""2.141"", ""MinutesOn"": 158, ""MinutesOff"": 1009}, {""Name"": ""Alissa Pili"", ""On"": ""0.000"", ""Off"": ""0.000"", ""On-Off"": ""0.000"", ""MinutesOn"": 16, ""MinutesOff"": 2}, {""Name"": ""Sania Feagin"", ""On"": ""9.184"", ""Off"": ""0.000"", ""On-Off"": ""9.184"", ""MinutesOn"": 49, ""MinutesOff"": 27}, {""Name"": ""Liatu King"", ""On"": ""2.778"", ""Off"": ""5.325"", ""On-Off"": ""-2.548"", ""MinutesOn"": 34, ""MinutesOff"": 86}]","[{""Name"": ""Shey Peddy"", ""On"": ""5.556"", ""Off"": ""0.543"", ""On-Off"": ""5.012"", ""MinutesOn"": 44, ""MinutesOff"": 94}, {""Name"": ""Odyssey Sims"", ""On"": ""3.833"", ""Off"": ""5.693"", ""On-Off"": ""-1.860"", ""MinutesOn"": 147, ""MinutesOff"": 202}, {""Name"": ""Dearica Hamby"", ""On"": ""7.916"", ""Off"": ""8.909"", ""On-Off"": ""-0.993"", ""MinutesOn"": 312, ""MinutesOff"": 1053}, {""Name"": ""Julie Allemand"", ""On"": ""1.887"", ""Off"": ""0.873"", ""On-Off"": ""1.014"", ""MinutesOn"": 112, ""MinutesOff"": 856}, {""Name"": ""Emma Cannon"", ""On"": ""6.438"", ""Off"": ""4.233"", ""On-Off"": ""2.205"", ""MinutesOn"": 117, ""MinutesOff"": 96}, {""Name"": ""Kelsey Plum"", ""On"": ""8.194"", ""Off"": ""8.115"", ""On-Off"": ""0.079"", ""MinutesOn"": 302, ""MinutesOff"": 1206}, {""Name"": ""Mercedes Russell"", ""On"": ""2.010"", ""Off"": ""7.812"", ""On-Off"": ""-5.802"", ""MinutesOn"": 104, ""MinutesOff"": 65}, {""Name"": ""Azurá Stevens"", ""On"": ""4.065"", ""Off"": ""4.069"", ""On-Off"": ""-0.004"", ""MinutesOn"": 313, ""MinutesOff"": 927}, {""Name"": ""Rae Burrell"", ""On"": ""4.484"", ""Off"": ""4.426"", ""On-Off"": ""0.058"", ""MinutesOn"": 112, ""MinutesOff"": 412}, {""Name"": ""Grace Berger"", ""On"": ""0.000"", ""Off"": ""0.000"", ""On-Off"": ""0.000"", ""MinutesOn"": 16, ""MinutesOff"": 0}, {""Name"": ""Julie Vanloo"", ""On"": ""0.000"", ""Off"": ""1.003"", ""On-Off"": ""-1.003"", ""MinutesOn"": 67, ""MinutesOff"": 202}, {""Name"": ""Cameron Brink"", ""On"": ""5.333"", ""Off"": ""4.019"", ""On-Off"": ""1.314"", ""MinutesOn"": 40, ""MinutesOff"": 210}, {""Name"": ""Rickea Jackson"", ""On"": ""5.079"", ""Off"": ""4.076"", ""On-Off"": ""1.004"", ""MinutesOn"": 158, ""MinutesOff"": 1009}, {""Name"": ""Alissa Pili"", ""On"": ""30.000"", ""Off"": ""66.667"", ""On-Off"": ""-36.667"", ""MinutesOn"": 16, ""MinutesOff"": 2}, {""Name"": ""Sania Feagin"", ""On"": ""2.041"", ""Off"": ""0.000"", ""On-Off"": ""2.041"", ""MinutesOn"": 49, ""MinutesOff"": 27}, {""Name"": ""Liatu King"", ""On"": ""4.167"", ""Off"": ""7.101"", ""On-Off"": ""-2.934"", ""MinutesOn"": 34, ""MinutesOff"": 86}]","[{""Name"": ""Shey Peddy"", ""On"": ""2.222"", ""Off"": ""1.087"", ""On-Off"": ""1.135"", ""MinutesOn"": 44, ""MinutesOff"": 94}, {""Name"": ""Odyssey Sims"", ""On"": ""3.136"", ""Off"": ""1.980"", ""On-Off"": ""1.156"", ""MinutesOn"": 147, ""MinutesOff"": 202}, {""Name"": ""Dearica Hamby"", ""On"": ""3.877"", ""Off"": ""4.431"", ""On-Off"": ""-0.553"", ""MinutesOn"": 312, ""MinutesOff"": 1053}, {""Name"": ""Julie Allemand"", ""On"": ""4.717"", ""Off"": ""2.501"", ""On-Off"": ""2.216"", ""MinutesOn"": 112, ""MinutesOff"": 856}, {""Name"": ""Emma Cannon"", ""On"": ""1.288"", ""Off"": ""6.878"", ""On-Off"": ""-5.591"", ""MinutesOn"": 117, ""MinutesOff"": 96}, {""Name"": ""Kelsey Plum"", ""On"": ""5.184"", ""Off"": ""4.161"", ""On-Off"": ""1.022"", ""MinutesOn"": 302, ""MinutesOff"": 1206}, {""Name"": ""Mercedes Russell"", ""On"": ""2.010"", ""Off"": ""2.344"", ""On-Off"": ""-0.334"", ""MinutesOn"": 104, ""MinutesOff"": 65}, {""Name"": ""Azurá Stevens"", ""On"": ""2.114"", ""Off"": ""2.767"", ""On-Off"": ""-0.653"", ""MinutesOn"": 313, ""MinutesOff"": 927}, {""Name"": ""Rae Burrell"", ""On"": ""3.587"", ""Off"": ""2.033"", ""On-Off"": ""1.554"", ""MinutesOn"": 112, ""MinutesOff"": 412}, {""Name"": ""Grace Berger"", ""On"": ""8.333"", ""Off"": ""0.000"", ""On-Off"": ""8.333"", ""MinutesOn"": 16, ""MinutesOff"": 0}, {""Name"": ""Julie Vanloo"", ""On"": ""5.385"", ""Off"": ""4.762"", ""On-Off"": ""0.623"", ""MinutesOn"": 67, ""MinutesOff"": 202}, {""Name"": ""Cameron Brink"", ""On"": ""4.000"", ""Off"": ""5.201"", ""On-Off"": ""-1.201"", ""MinutesOn"": 40, ""MinutesOff"": 210}, {""Name"": ""Rickea Jackson"", ""On"": ""5.079"", ""Off"": ""3.082"", ""On-Off"": ""1.998"", ""MinutesOn"": 158, ""MinutesOff"": 1009}, {""Name"": ""Alissa Pili"", ""On"": ""0.000"", ""Off"": ""33.333"", ""On-Off"": ""-33.333"", ""MinutesOn"": 16, ""MinutesOff"": 2}, {""Name"": ""Sania Feagin"", ""On"": ""4.082"", ""Off"": ""5.085"", ""On-Off"": ""-1.003"", ""MinutesOn"": 49, ""MinutesOff"": 27}, {""Name"": ""Liatu King"", ""On"": ""5.556"", ""Off"": ""4.142"", ""On-Off"": ""1.414"", ""MinutesOn"": 34, ""MinutesOff"": 86}]","[{""Name"": ""Shey Peddy"", ""On"": ""6.667"", ""Off"": ""5.435"", ""On-Off"": ""1.232"", ""MinutesOn"": 44, ""MinutesOff"": 94}, {""Name"": ""Odyssey Sims"", ""On"": ""6.620"", ""Off"": ""5.693"", ""On-Off"": ""0.927"", ""MinutesOn"": 147, ""MinutesOff"": 202}, {""Name"": ""Dearica Hamby"", ""On"": ""5.654"", ""Off"": ""5.193"", ""On-Off"": ""0.461"", ""MinutesOn"": 312, ""MinutesOff"": 1053}, {""Name"": ""Julie Allemand"", ""On"": ""7.075"", ""Off"": ""9.017"", ""On-Off"": ""-1.941"", ""MinutesOn"": 112, ""MinutesOff"": 856}, {""Name"": ""Emma Cannon"", ""On"": ""3.433"", ""Off"": ""0.000"", ""On-Off"": ""3.433"", ""MinutesOn"": 117, ""MinutesOff"": 96}, {""Name"": ""Kelsey Plum"", ""On"": ""8.027"", ""Off"": ""8.281"", ""On-Off"": ""-0.255"", ""MinutesOn"": 302, ""MinutesOff"": 1206}, {""Name"": ""Mercedes Russell"", ""On"": ""2.513"", ""Off"": ""5.469"", ""On-Off"": ""-2.956"", ""MinutesOn"": 104, ""MinutesOff"": 65}, {""Name"": ""Azurá Stevens"", ""On"": ""3.902"", ""Off"": ""3.798"", ""On-Off"": ""0.104"", ""MinutesOn"": 313, ""MinutesOff"": 927}, {""Name"": ""Rae Burrell"", ""On"": ""4.036"", ""Off"": ""2.990"", ""On-Off"": ""1.045"", ""MinutesOn"": 112, ""MinutesOff"": 412}, {""Name"": ""Grace Berger"", ""On"": ""2.778"", ""Off"": ""0.000"", ""On-Off"": ""2.778"", ""MinutesOn"": 16, ""MinutesOff"": 0}, {""Name"": ""Julie Vanloo"", ""On"": ""9.231"", ""Off"": ""4.762"", ""On-Off"": ""4.469"", ""MinutesOn"": 67, ""MinutesOff"": 202}, {""Name"": ""Cameron Brink"", ""On"": ""1.333"", ""Off"": ""1.891"", ""On-Off"": ""-0.558"", ""MinutesOn"": 40, ""MinutesOff"": 210}, {""Name"": ""Rickea Jackson"", ""On"": ""3.492"", ""Off"": ""2.634"", ""On-Off"": ""0.858"", ""MinutesOn"": 158, ""MinutesOff"": 1009}, {""Name"": ""Alissa Pili"", ""On"": ""0.000"", ""Off"": ""0.000"", ""On-Off"": ""0.000"", ""MinutesOn"": 16, ""MinutesOff"": 2}, {""Name"": ""Sania Feagin"", ""On"": ""4.082"", ""Off"": ""0.000"", ""On-Off"": ""4.082"", ""MinutesOn"": 49, ""MinutesOff"": 27}, {""Name"": ""Liatu King"", ""On"": ""1.389"", ""Off"": ""1.775"", ""On-Off"": ""-0.386"", ""MinutesOn"": 34, ""MinutesOff"": 86}]","[{""field"": ""Name"", ""label"": ""Player""}, {""field"": ""MinutesOn"", ""label"": ""Minutes with Sarah Ashlee Barker"", ""type"": ""number""}, {""field"": ""MinutesOff"", ""label"": ""Minutes without Sarah Ashlee Barker"", ""type"": ""number""}, {""field"": ""On"", ""label"": ""Stat Value with Sarah Ashlee Barker""}, {""field"": ""Off"", ""label"": ""Stat Value without Sarah Ashlee Barker""}, {""field"": ""On-Off"", ""label"": ""Difference"", ""type"": ""decimal""}]",Stat,"[{""id"": ""Assisted2sPct"", ""text"": ""2pt FGM Assist%""}, {""id"": ""NonPutbacksAssisted2sPct"", ""text"": ""Non Putback 2pt FGM Assist%""}, {""id"": ""Assisted3sPct"", ""text"": ""3pt FGM Assist%""}, {""id"": ""Fg3Pct"", ""text"": ""3pt FG%""}, {""id"": ""NonHeaveFg3Pct"", ""text"": ""Non-Heave 3pt FG%""}, {""id"": ""Fg2Pct"", ""text"": ""2pt FG%""}, {""id"": ""EfgPct"", ""text"": ""eFG%""}, {""id"": ""TsPct"", ""text"": ""TS%""}, {""id"": ""FG3APct"", ""text"": ""3PAr""}, {""id"": ""FG3APctBlocked"", ""text"": ""% of FG3A Blocked""}, {""id"": ""FG2APctBlocked"", ""text"": ""% of FG2A Blocked""}, {""id"": ""Usage"", ""text"": ""Usage""}, {""id"": ""LiveBallTurnoverPct"", ""text"": ""Live Ball TO%""}, {""id"": ""DefFTReboundPct"", ""text"": ""DReb% - Missed FTs""}, {""id"": ""OffFTReboundPct"", ""text"": ""OReb% - Missed FTs""}, {""id"": ""DefTwoPtReboundPct"", ""text"": ""DReb% - Missed 2s""}, {""id"": ""OffTwoPtReboundPct"", ""text"": ""OReb% - Missed 2s""}, {""id"": ""DefThreePtReboundPct"", ""text"": ""DReb% - Missed 3s""}, {""id"": ""OffThreePtReboundPct"", ""text"": ""OReb% - Missed 3s""}, {""id"": ""DefFGReboundPct"", ""text"": ""DReb% - Missed FGs""}, {""id"": ""OffFGReboundPct"", ""text"": ""OReb% - Missed FGs""}, {""id"": ""OffAtRimReboundPct"", ""text"": ""At Rim OReb%""}, {""id"": ""OffShortMidRangeReboundPct"", ""text"": ""Short Mid-Range OReb%""}, {""id"": ""OffLongMidRangeReboundPct"", ""text"": ""Long Mid-Range OReb%""}, {""id"": ""OffArc3ReboundPct"", ""text"": ""Arc 3 OReb%""}, {""id"": ""OffCorner3ReboundPct"", ""text"": ""Corner 3 OReb%""}, {""id"": ""DefAtRimReboundPct"", ""text"": ""At Rim DReb%""}, {""id"": ""DefShortMidRangeReboundPct"", ""text"": ""Short Mid-Range DReb%""}, {""id"": ""DefLongMidRangeReboundPct"", ""text"": ""Long Mid-Range DReb%""}, {""id"": ""DefArc3ReboundPct"", ""text"": ""Arc 3 DReb%""}, {""id"": ""DefCorner3ReboundPct"", ""text"": ""Corner 3 DReb%""}, {""id"": ""BlocksRecoveredPct"", ""text"": ""Blocks Recovered %""}, {""id"": ""SecondsPerPossOff"", ""text"": ""Seconds Per Possession - Offense""}, {""id"": ""SecondsPerPossDef"", ""text"": ""Seconds Per Possession - Defense""}, {""id"": ""AtRimFrequency"", ""text"": ""At Rim Shot Frequency""}, {""id"": ""AtRimAccuracy"", ""text"": ""At Rim FG%""}, {""id"": ""AtRimPctAssisted"", ""text"": ""At Rim % Assisted""}, {""id"": ""ShortMidRangeFrequency"", ""text"": ""Short Mid Range Shot Frequency""}, {""id"": ""ShortMidRangeAccuracy"", ""text"": ""Short Mid Range FG%""}, {""id"": ""ShortMidRangePctAssisted"", ""text"": ""Short Mid Range % Assisted""}, {""id"": ""LongMidRangeFrequency"", ""text"": ""Long Mid Range Shot Frequency""}, {""id"": ""LongMidRangeAccuracy"", ""text"": ""Long Mid Range FG%""}, {""id"": ""LongMidRangePctAssisted"", ""text"": ""Long Mid % Assisted""}, {""id"": ""Corner3Frequency"", ""text"": ""Corner 3 Shot Frequency""}, {""id"": ""Corner3Accuracy"", ""text"": ""Corner 3 FG%""}, {""id"": ""Corner3PctAssisted"", ""text"": ""Corner 3 % Assisted""}, {""id"": ""Arc3Frequency"", ""text"": ""Arc 3 Shot Frequency""}, {""id"": ""Arc3Accuracy"", ""text"": ""Arc 3 FG%""}, {""id"": ""Arc3PctAssisted"", ""text"": ""Arc 3 % Assisted""}, {""id"": ""AtRimFG3AFrequency"", ""text"": ""At Rim or 3pt Shot Frequency""}, {""id"": ""NonHeaveArc3Accuracy"", ""text"": ""Non-Heave Arc 3 FG%""}, {""id"": ""ShotQualityAvg"", ""text"": ""Shot Quality""}, {""id"": ""ShootingFoulsDrawnPct"", ""text"": ""Shooting Foul Drawn Rate""}, {""id"": ""TwoPtShootingFoulsDrawnPct"", ""text"": ""3pt Shooting Foul Drawn Rate""}, {""id"": ""ThreePtShootingFoulsDrawnPct"", ""text"": ""2pt Shooting Foul Drawn Rate""}, {""id"": ""SecondChancePointsPct"", ""text"": ""Second Chance Points%""}, {""id"": ""PenaltyPointsPct"", ""text"": ""Penalty Points%""}, {""id"": ""PenaltyOffPossPct"", ""text"": ""Penalty Possessions%""}, {""id"": ""Avg2ptShotDistance"", ""text"": ""Avg 2pt Shot Distance""}, {""id"": ""Avg3ptShotDistance"", ""text"": ""Avg 3pt Shot Distance""}, {""id"": ""DefReboundPct"", ""text"": ""DReb%""}, {""id"": ""OffReboundPct"", ""text"": ""OReb%""}, {""id"": ""PtsPer100Poss"", ""text"": ""Pts per 100 Possessions""}, {""id"": ""AssistPointsPer100Poss"", ""text"": ""Assist Points per 100 Possessions""}, {""id"": ""FTAPer100Poss"", ""text"": ""FTA per 100 Possessions""}, {""id"": ""TurnoversPer100Poss"", ""text"": ""TOs per 100 Possessions""}, {""id"": ""AssistsPer100Poss"", ""text"": ""Assists per 100 Possessions""}]",False,player_on_off
